116.37478,39.9641,1.01,-0.8,0,0,113.21,0,0,0,0,9,9,252,232,232,100,0,0,0,0,3,4
116.37478,39.9641,1.01,-0.8,0,0,113.21,0,0,0,0,9,9,252,232,232,100,0,0,0,0,3,4
116.37478,39.9641,1.01,-0.8,0,0,113.21,0,0,0,0,9,9,252,232,232,100,0,0,0,0,3,4
116.37478,39.9641,1.01,-0.8,0,0,113.21,0,0,0,0,9,9,252,232,232,100,0,0,0,0,3,4
116.37478,39.9641,1.01,-0.8,0,0,113.21,0,0,0,0,9,9,252,232,232,100,0,0,0,0,3,4
116.37478,39.9641,1.01,-0.8,0,0,113.21,0,0,0,0,9,9,252,232,232,100,0,0,0,0,3,4
116.37478,39.9641,1.01,-0.8,0,0,113.21,0,0,0,0,9,9,252,232,232,100,0,0,0,0,3,4
116.37478,39.9641,1.01,-0.8,0,0,113.21,0,0,0,0,9,9,252,232,232,100,0,0,0,0,3,4
116.37478,39.9641,1.01,-0.8,0,0,113.21,0,0,0,0,9,9,252,232,232,100,0,0,0,0,3,4
116.37478,39.9641,1.01,-0.8,0,0,113.21,0,0,0,0,9,9,252,232,232,100,0,0,0,0,3,4
116.37478,39.9641,1.01,-0.8,0,0,113.21,0,0,0,0,9,9,252,232,232,100,0,0,0,0,3,4
116.37478,39.9641,1.01,-0.8,0,0,113.21,0,0,0,0,9,9,252,232,232,100,0,0,0,0,3,4
116.37478,39.9641,1.01,-0.8,0,0,113.21,0,0,0,0,9,9,252,232,232,100,0,0,0,0,3,4
116.37478,39.9641,1.01,-0.8,0,0,113.21,0,0,0,0,9,9,252,232,232,100,0,0,0,0,3,4
116.37478,39.9641,1.01,-0.8,0,0,113.22,0,0,0,0,9,9,252,232,232,100,0,0,0,0,3,4
116.37478,39.9641,1.01,-0.8,0,0,113.22,0,0,0,0,9,9,252,232,232,100,0,0,0,0,3,4
116.37478,39.9641,1.01,-0.8,0,0,113.22,0,0,0,0,9,9,252,232,232,100,0,0,0,0,3,4
116.37478,39.9641,1.01,-0.8,0,0,113.22,0,0,0,0,9,9,252,232,232,100,0,0,0,3,3,4
116.37478,39.9641,1.01,-0.8,0,0,113.22,0,0,0,0,9,9,252,232,232,100,0,0,0,3,3,4
116.37478,39.9641,1.01,-0.8,0,0,113.22,0,0,0,0,9,9,252,232,232,100,0,0,0,3,3,4
116.37478,39.9641,1.01,-0.8,0,0,113.22,0,0,0,0,9,9,252,232,232,100,0,0,0,3,3,4
116.37478,39.9641,1.01,-0.8,0,0,113.22,0,0,0,1,9,9,252,232,232,143,0,0,0,3,5,4
116.37478,39.9641,1.01,-0.8,0,0,113.22,0,0,0,1,9,9,252,232,232,143,0,0,0,3,5,4
116.37478,39.9641,1.01,-0.8,0,0,113.22,0,0,0,1,9,9,252,232,232,143,0,0,0,3,5,4
116.37478,39.9641,1.01,-0.8,0,0,113.22,0,0,0,1,9,9,252,232,232,143,0,0,0,3,5,4
116.37478,39.9641,1.01,-0.8,0,0,113.22,0,0,0,1,9,9,252,232,232,143,0,0,0,3,5,4
116.37478,39.9641,1.01,-0.8,0,0,113.22,0,0,0,1,9,9,252,232,232,143,0,0,0,3,5,4
116.37478,39.9641,1.01,-0.8,0,0,113.22,0,0,0,1,9,9,252,232,232,143,0,0,0,3,5,4
116.37478,39.9641,1.01,-0.8,0,0,113.22,0,0,0,1,9,9,252,232,232,143,0,0,0,3,5,4
116.37478,39.9641,1.01,-0.8,0,0,113.22,0,0,0,1,9,9,252,232,232,143,0,0,0,3,5,4
116.37478,39.9641,1.01,-0.8,0,0,113.22,0,0,0,1,9,9,252,232,232,143,0,0,0,3,5,4
116.37478,39.9641,1.01,-0.8,0,0,113.22,0,0,0,1,9,9,252,232,232,143,0,0,0,3,5,4
116.37478,39.9641,1.01,-0.8,0,0,113.22,0,0,0,1,9,9,252,232,232,143,0,0,0,3,5,4
116.37478,39.9641,1.01,-0.8,0,0,113.22,0,0,0,1,9,9,252,232,232,143,0,0,0,3,5,4
116.37478,39.9641,1.01,-0.8,0,0,113.22,0,0,0,1,9,9,252,232,232,143,0,0,0,3,5,4
116.37478,39.9641,1.01,-0.8,0,0,113.22,0,0,0,1,9,9,252,232,232,143,0,0,0,3,5,4
116.37478,39.9641,1.01,-0.8,0,0,113.22,0,0,0,1,9,9,252,232,232,143,0,0,0,3,5,4
116.37478,39.9641,1.01,-0.8,0,0,113.22,0,0,0,1,9,9,252,232,232,143,0,0,0,3,5,4
116.37478,39.9641,1.01,-0.8,0,0,113.22,0,0,0,1,9,9,252,220,232,143,0,0,0,3,5,4
116.37489,39.96405,1.01,-0.8,0,0,112.92,0,0,0,1,9,9,252,220,232,143,0,0,0,3,5,4
116.37537,39.96386,1.01,-0.8,0,0,112.49,0,0,0,1,9,9,252,220,232,144,0,0,0,3,5,4
116.37584,39.96366,1.01,-0.8,0,0,112.6,0,0,0,1,9,9,252,220,232,144,0,0,0,3,5,4
116.37679,39.96329,1.01,-0.8,0,0,110.14,0,0,0,1,9,9,252,220,232,144,0,0,0,3,5,4
116.37727,39.96311,1.01,-0.8,0,0,109.95,0,0,0,1,9,9,252,220,232,144,0,0,0,3,5,4
116.37823,39.96277,1.01,-0.8,0,0,108.59,0,0,0,1,9,9,252,220,232,145,0,0,0,3,5,4
116.37872,39.96261,1.01,-0.8,0,0,107.16,0,0,0,1,9,9,252,220,232,145,0,0,0,3,5,4
116.37969,39.96231,1.01,-0.8,0,0,107.96,0,0,0,1,9,9,252,226,232,145,0,0,0,3,5,4
116.37998,39.96222,1.01,-0.8,0,0,108.26,0,0,0,1,9,9,252,226,232,145,0,0,0,3,5,4
116.38023,39.96214,1.01,-0.8,0,0,107.89,0,0,0,1,9,9,252,226,232,145,0,0,0,3,5,4
116.38047,39.96206,1.01,-0.8,0,0,107.4,0,0,0,1,9,9,252,226,232,145,0,0,0,3,5,4
116.38096,39.96191,1.01,-0.8,0,0,106.41,0,0,0,1,9,9,252,226,232,145,0,0,0,3,5,4
116.3812,39.96184,1.01,-0.8,0,0,105.91,0,0,0,1,9,9,252,226,232,145,0,0,0,3,5,4
116.38169,39.96171,1.01,-0.8,0,0,105.01,0,0,0,1,9,9,252,226,232,145,0,0,0,3,5,4
116.38194,39.96164,1.01,-0.8,0,0,105.17,0,0,0,1,9,9,252,226,232,145,0,0,0,3,5,4
116.38243,39.9615,1.01,-0.8,0,0,107.34,0,0,0,1,9,9,252,226,232,145,0,0,0,3,5,4
116.38243,39.9615,1.01,-0.8,0,0,107.34,0,0,0,1,9,9,252,226,232,145,0,0,0,3,5,4
116.38291,39.96133,1.01,-0.8,0,0,109.63,0,0,0,1,9,9,252,226,232,144,0,0,0,3,5,4
116.38315,39.96125,1.01,-0.8,0,0,109.85,0,0,0,1,9,9,252,226,232,144,0,0,0,3,5,4
116.38363,39.96108,1.01,-0.8,0,0,108.83,0,0,0,1,9,9,252,226,232,144,0,0,0,3,5,4
116.38388,39.961,1.01,-0.8,0,0,108.23,0,0,0,1,9,9,252,226,232,144,0,0,0,3,5,4
116.38436,39.96084,1.01,-0.8,0,0,108.46,0,0,0,1,9,9,252,226,232,144,0,0,0,3,5,4
116.3846,39.96076,1.01,-0.8,0,0,108.49,0,0,0,1,9,9,252,226,232,144,0,0,0,3,5,4
116.38509,39.9606,1.01,-0.8,0,0,107.14,0,0,0,1,9,9,252,226,232,145,0,0,0,3,5,4
116.38533,39.96053,1.01,-0.8,0,0,106.99,0,0,0,1,9,9,252,226,232,145,0,0,0,3,5,4
116.38557,39.96045,1.01,-0.8,0,0,106.9,0,0,0,1,9,9,252,226,232,145,0,0,0,3,5,4
116.38582,39.96038,1.01,-0.8,0,0,106.18,0,0,0,1,9,9,252,226,232,145,0,0,0,3,5,4
116.38631,39.96024,1.01,-0.8,0,0,105.5,0,0,0,1,9,9,252,226,232,145,0,0,0,3,5,4
116.38656,39.96017,1.01,-0.8,0,0,105.41,0,0,0,1,9,9,252,226,232,145,0,0,0,3,5,4
116.38705,39.96004,1.01,-0.8,0,0,104.18,0,0,0,1,9,9,252,226,232,145,0,0,0,3,5,4
116.3873,39.95998,1.01,-0.8,0,0,104.28,0,0,0,1,9,9,252,226,232,145,0,0,0,3,5,4
116.38779,39.95985,1.01,-0.8,0,0,105.02,0,0,0,1,9,9,252,226,232,145,0,0,0,3,5,4
116.38804,39.95979,1.01,-0.8,0,0,104.62,0,0,0,1,9,9,252,226,232,145,0,0,0,3,5,4
116.38828,39.95972,1.01,-0.8,0,0,104.12,0,0,0,1,9,9,252,226,232,145,0,0,0,3,5,4
116.38853,39.95966,1.01,-0.8,0,0,103.72,0,0,0,1,9,9,252,226,232,145,0,0,0,3,5,4
116.38903,39.95954,1.01,-0.8,0,0,104.39,0,0,0,1,9,9,252,226,232,145,0,0,0,3,5,4
116.38927,39.95948,1.01,-0.8,0,0,104.36,0,0,0,1,9,9,252,226,232,145,0,0,0,3,5,4
116.38977,39.95935,1.01,-0.8,0,0,103.38,0,0,0,1,9,9,252,226,232,145,0,0,0,3,5,4
116.39002,39.9593,1.01,-0.8,0,0,102.89,0,0,0,1,9,9,252,226,232,145,0,0,0,3,5,4
116.39051,39.95919,1.01,-0.8,0,0,102.31,0,0,0,1,9,9,252,226,232,146,0,0,0,3,5,4
116.39076,39.95913,1.01,-0.8,0,0,102.79,0,0,0,1,9,9,252,226,232,145,0,0,0,3,5,4
116.39101,39.95907,1.01,-0.8,0,0,103.01,0,0,0,1,9,9,252,226,232,145,0,0,0,3,5,4
116.39126,39.95902,1.01,-0.8,0,0,102.65,0,0,0,1,9,9,252,226,232,145,0,0,0,3,5,4
116.39176,39.95891,1.01,-0.8,0,0,101.72,0,0,0,1,9,9,252,226,232,146,0,0,0,3,5,4
116.39201,39.95886,1.01,-0.8,0,0,101.81,0,0,0,1,9,9,252,226,232,146,0,0,0,3,5,4
116.39251,39.95875,1.01,-0.8,0,0,102.55,0,0,0,1,9,9,252,226,232,145,0,0,0,3,5,4
116.39276,39.95869,1.01,-0.8,0,0,102.09,0,0,0,1,9,9,252,226,232,146,0,0,0,3,5,4
116.39325,39.95859,1.01,-0.8,0,0,101.9,0,0,0,1,9,9,252,226,232,146,0,0,0,3,5,4
116.3935,39.95854,1.01,-0.8,0,0,102.06,0,0,0,1,9,9,252,226,232,146,0,0,0,3,5,4
116.39375,39.95848,1.01,-0.8,0,0,101.6,0,0,0,1,9,9,252,226,232,146,0,0,0,3,5,4
116.394,39.95843,1.01,-0.8,0,0,101.33,0,0,0,1,9,9,252,226,232,146,0,0,0,3,5,4
116.3945,39.95833,1.01,-0.8,0,0,101.66,0,0,0,1,9,9,252,226,232,146,0,0,0,3,5,4
116.39475,39.95828,1.01,-0.8,0,0,101.15,0,0,0,1,9,9,252,226,232,146,0,0,0,3,5,4
116.39525,39.95818,1.01,-0.8,0,0,101.46,0,0,0,1,9,9,252,226,232,146,0,0,0,3,5,4
116.3955,39.95813,1.01,-0.8,0,0,102.35,0,0,0,1,9,9,252,226,232,145,0,0,0,3,5,4
116.39575,39.95807,1.01,-0.8,0,0,102.76,0,0,0,1,9,9,252,226,232,145,0,0,0,3,5,4
116.396,39.95802,1.01,-0.8,0,0,102.54,0,0,0,1,9,9,252,226,232,145,0,0,0,3,5,4
116.3965,39.95792,1.01,-0.8,0,0,100.81,0,0,0,1,9,9,252,226,232,146,0,0,0,3,5,4
116.39675,39.95787,1.01,-0.8,0,0,100.53,0,0,0,1,9,9,252,226,232,146,0,0,0,3,5,4
116.39725,39.95778,1.01,-0.8,0,0,100.52,0,0,0,1,9,9,252,226,232,146,0,0,0,3,5,4
116.3975,39.95773,1.01,-0.8,0,0,100.12,0,0,0,1,9,9,252,226,232,146,0,0,0,3,5,4
116.39801,39.95765,1.01,-0.8,0,0,97.45,0,0,0,1,9,9,252,226,232,147,0,0,0,3,5,4
116.39826,39.95762,1.01,-0.8,0,0,95.38,0,0,0,1,9,9,252,226,232,147,0,0,0,3,5,4
116.39851,39.9576,1.01,-0.8,0,0,93.8,0,0,0,1,9,9,252,226,232,148,0,0,0,3,5,4
116.39877,39.95759,1.01,-0.8,0,0,92.84,0,0,0,1,9,9,252,226,232,148,0,0,0,3,5,4
116.39928,39.95757,1.01,-0.8,0,0,92.6,0,0,0,1,9,9,252,226,232,148,0,0,0,3,5,4
116.39953,39.95755,1.01,-0.8,0,0,92.73,0,0,0,1,9,9,252,226,232,148,0,0,0,3,5,4
116.40004,39.95753,1.01,-0.8,0,0,92.03,0,0,0,1,9,9,252,226,232,148,0,0,0,3,5,4
116.4003,39.95752,1.01,-0.8,0,0,91.2,0,0,0,1,9,9,252,226,232,148,0,0,0,3,5,4
116.40081,39.95751,1.01,-0.8,0,0,91.31,0,0,0,1,9,9,252,226,232,148,0,0,0,3,5,4
116.40106,39.95751,1.01,-0.8,0,0,91.28,0,0,0,1,9,9,252,226,232,148,0,0,0,3,5,4
116.40132,39.9575,1.01,-0.8,0,0,90.76,0,0,0,1,9,9,252,226,232,148,0,0,0,3,5,4
116.40157,39.9575,1.01,-0.8,0,0,90.66,0,0,0,1,9,9,252,226,232,148,0,0,0,3,5,4
116.40208,39.95749,1.01,-0.8,0,0,90.85,0,0,0,1,9,9,252,226,232,148,0,0,0,3,5,4
116.40234,39.95749,1.01,-0.8,0,0,90.34,0,0,0,1,9,9,252,226,232,149,0,0,0,3,5,4
116.40285,39.95749,1.01,-0.8,0,0,90.67,0,0,0,1,9,9,252,226,232,148,0,0,0,3,5,4
116.4031,39.95748,1.01,-0.8,0,0,90.39,0,0,0,1,9,9,252,226,232,148,0,0,0,3,5,4
116.40361,39.95749,1.01,-0.8,0,0,88.53,0,0,0,1,9,9,252,226,232,149,0,0,0,3,5,4
116.40387,39.9575,1.01,-0.8,0,0,88.19,0,0,0,1,9,9,252,226,232,149,0,0,0,3,5,4
116.40438,39.95751,1.01,-0.8,0,0,89.36,0,0,0,1,9,9,252,226,232,149,0,0,0,3,5,4
116.40438,39.95751,1.01,-0.8,0,0,89.36,0,0,0,1,9,9,252,226,232,149,0,0,0,3,5,4
116.40489,39.95751,1.01,-0.8,0,0,90.18,0,0,0,1,9,9,252,226,232,149,0,0,0,3,5,4
116.40514,39.95751,1.01,-0.8,0,0,90.12,0,0,0,1,9,9,252,226,232,149,0,0,0,3,5,4
116.40565,39.95751,1.01,-0.8,0,0,89.99,0,0,0,1,9,9,252,226,232,149,0,0,0,3,5,4
116.40591,39.95751,1.01,-0.8,0,0,89.93,0,0,0,1,9,9,252,226,232,149,0,0,0,3,5,4
116.40642,39.95751,1.01,-0.8,0,0,89.81,0,0,0,1,9,9,252,226,232,149,0,0,0,3,5,4
116.40667,39.95751,1.01,-0.8,0,0,89.75,0,0,0,1,9,9,252,226,232,149,0,0,0,3,5,4
116.40693,39.95751,1.01,-0.8,0,0,89.68,0,0,0,1,9,9,252,226,232,149,0,0,0,3,5,4
116.40718,39.95751,1.01,-0.8,0,0,89.62,0,0,0,1,9,9,252,226,232,149,0,0,0,3,5,4
116.40744,39.95751,1.01,-0.8,0,0,89.56,0,0,0,1,9,9,252,226,232,149,0,0,0,3,5,4
116.40769,39.95752,1.01,-0.8,0,0,89.5,0,0,0,1,9,9,252,226,232,149,0,0,0,3,5,4
116.4082,39.95752,1.01,-0.8,0,0,89.38,0,0,0,1,9,9,252,226,232,149,0,0,0,3,5,4
116.40846,39.95752,1.01,-0.8,0,0,89.31,0,0,0,1,9,9,252,226,232,149,0,0,0,3,5,4
116.40896,39.95753,1.01,-0.8,0,0,89.19,0,0,0,1,9,9,252,226,232,149,0,0,0,3,5,4
116.40907,39.95753,1.01,-0.8,0,0,89.16,0,0,0,1,9,9,252,226,232,149,0,0,0,3,5,4
116.40907,39.95753,1.01,-0.8,0,0,89.16,0,0,0,1,9,9,252,226,232,149,0,0,0,3,5,4
116.4093,39.95754,1.01,-0.8,0,0,89.11,0,0,0,1,9,9,252,226,232,149,0,0,0,3,5,4
116.40955,39.95754,1.01,-0.8,0,0,89.05,0,0,0,1,9,9,252,226,232,149,0,0,0,3,5,4
116.40981,39.95755,1.01,-0.8,0,0,88.98,0,0,0,1,9,9,252,226,232,149,0,0,0,3,5,4
116.41032,39.95755,1.01,-0.8,0,0,88.86,0,0,0,1,9,9,252,226,232,149,0,0,0,3,5,4
116.41057,39.95756,1.01,-0.8,0,0,88.8,0,0,0,1,9,9,252,226,232,149,0,0,0,3,5,4
116.41108,39.95757,1.01,-0.8,0,0,88.68,0,0,0,1,9,9,252,226,232,149,0,0,0,3,5,4
116.41134,39.95758,1.01,-0.8,0,0,88.61,0,0,0,1,9,9,252,226,232,149,0,0,0,3,5,4
116.41185,39.95759,1.01,-0.8,0,0,88.49,0,0,0,1,9,9,252,226,232,149,0,0,0,3,5,4
116.41185,39.95759,1.01,-0.8,0,0,88.49,0,0,0,1,9,9,252,226,232,149,0,0,0,3,5,4
116.41236,39.9576,1.01,-0.8,0,0,88.37,0,0,0,1,9,9,252,226,232,149,0,0,0,3,5,4
116.41261,39.95761,1.01,-0.8,0,0,88.3,0,0,0,1,9,9,252,226,232,149,0,0,0,3,5,4
116.41312,39.95763,1.01,-0.8,0,0,88.18,0,0,0,1,9,9,252,226,232,149,0,0,0,3,5,4
116.41337,39.95764,1.01,-0.8,0,0,88.34,0,0,0,1,9,9,252,226,232,149,0,0,0,3,5,4
116.41388,39.95764,1.01,-0.8,0,0,89.54,0,0,0,1,9,9,252,226,232,149,0,0,0,3,5,4
116.41414,39.95765,1.01,-0.8,0,0,89.48,0,0,0,1,9,9,252,226,232,149,0,0,0,3,5,4
116.41465,39.95765,1.01,-0.8,0,0,89.46,0,0,0,1,9,9,252,226,232,149,0,0,0,3,5,4
116.4149,39.95765,1.01,-0.8,0,0,90.13,0,0,0,1,9,9,252,226,232,148,0,0,0,3,5,4
116.41516,39.95765,1.01,-0.8,0,0,90.53,0,0,0,1,9,9,252,226,232,148,0,0,0,3,5,4
116.41541,39.95765,1.01,-0.8,0,0,90.32,0,0,0,1,9,9,252,226,232,148,0,0,0,3,5,4
116.41592,39.95765,1.01,-0.8,0,0,88.29,0,0,0,1,9,9,252,226,232,149,0,0,0,3,5,4
116.41618,39.95766,1.01,-0.8,0,0,87.63,0,0,0,1,9,9,252,226,232,149,0,0,0,3,5,4
116.41669,39.95768,1.01,-0.8,0,0,88.12,0,0,0,1,9,9,252,226,232,149,0,0,0,3,5,4
116.41694,39.95769,1.01,-0.8,0,0,88.27,0,0,0,1,9,9,252,226,232,149,0,0,0,3,5,4
116.41745,39.95771,1.01,-0.8,0,0,88.62,0,0,0,1,9,9,252,226,232,149,0,0,0,3,5,4
116.41771,39.95771,1.01,-0.8,0,0,89.02,0,0,0,1,9,9,252,226,232,149,0,0,0,3,5,4
116.41796,39.95772,1.01,-0.8,0,0,88.8,0,0,0,1,9,9,252,226,232,149,0,0,0,3,5,4
116.41822,39.95772,1.01,-0.8,0,0,87.97,0,0,0,1,9,9,252,226,232,149,0,0,0,3,5,4
116.41873,39.95775,1.01,-0.8,0,0,87.04,0,0,0,1,9,9,252,226,232,149,0,0,0,3,5,4
116.41898,39.95776,1.01,-0.8,0,0,87.5,0,0,0,1,9,9,252,226,232,149,0,0,0,3,5,4
116.41949,39.95777,1.01,-0.8,0,0,89.33,0,0,0,1,9,9,252,226,232,149,0,0,0,3,5,4
116.41975,39.95778,1.01,-0.8,0,0,89.48,0,0,0,1,9,9,252,226,232,149,0,0,0,3,5,4
116.42026,39.95779,1.01,-0.8,0,0,88.01,0,0,0,1,9,9,252,226,232,149,0,0,0,3,5,4
116.42051,39.9578,1.01,-0.8,0,0,87.36,0,0,0,1,9,9,252,226,232,149,0,0,0,3,5,4
116.42077,39.95781,1.01,-0.8,0,0,87.32,0,0,0,1,9,9,252,226,232,149,0,0,0,3,5,4
116.42102,39.95782,1.01,-0.8,0,0,87.65,0,0,0,1,9,9,252,226,232,149,0,0,0,3,5,4
116.42153,39.95784,1.01,-0.8,0,0,86.95,0,0,0,1,9,9,252,226,232,149,0,0,0,3,5,4
116.42178,39.95786,1.01,-0.8,0,0,87.04,0,0,0,1,9,9,252,226,232,149,0,0,0,3,5,4
116.42229,39.95788,1.01,-0.8,0,0,87.19,0,0,0,1,9,9,252,226,232,149,0,0,0,3,5,4
116.42255,39.95789,1.01,-0.8,0,0,86.8,0,0,0,1,9,9,252,226,232,149,0,0,0,3,5,4
116.42306,39.95792,1.01,-0.8,0,0,87.29,0,0,0,1,9,9,252,226,232,149,0,0,0,3,5,4
116.42306,39.95792,1.01,-0.8,0,0,87.29,0,0,0,1,9,9,252,226,232,149,0,0,0,3,5,4
116.42357,39.95795,1.01,-0.8,0,0,86.12,0,0,0,1,9,9,252,226,232,149,0,0,0,3,5,4
116.42382,39.95797,1.01,-0.8,0,0,85.71,0,0,0,1,9,9,252,226,232,150,0,0,0,3,5,4
116.42433,39.958,1.01,-0.8,0,0,86.77,0,0,0,1,9,9,252,226,232,149,0,0,0,3,5,4
116.42458,39.95801,1.01,-0.8,0,0,87.96,0,0,0,1,9,9,252,226,232,149,0,0,0,3,5,4
116.42509,39.95803,1.01,-0.8,0,0,88.64,0,0,0,1,9,9,252,226,232,149,0,0,0,3,5,4
116.42535,39.95803,1.01,-0.8,0,0,88.05,0,0,0,1,9,9,252,226,232,149,0,0,0,3,5,4
116.42586,39.95806,1.01,-0.8,0,0,86.92,0,0,0,1,9,9,252,226,232,149,0,0,0,3,5,4
116.42586,39.95806,1.01,-0.8,0,0,86.92,0,0,0,1,9,9,252,226,232,149,0,0,0,3,5,4
116.42637,39.95808,1.01,-0.8,0,0,88.18,0,0,0,1,9,9,252,226,232,149,0,0,0,3,5,4
116.42662,39.95809,1.01,-0.8,0,0,88.83,0,0,0,1,9,9,252,226,232,149,0,0,0,3,5,4
116.42713,39.9581,1.01,-0.8,0,0,88.84,0,0,0,1,9,9,252,226,232,149,0,0,0,3,5,4
116.42739,39.9581,1.01,-0.8,0,0,88.77,0,0,0,1,9,9,252,226,232,149,0,0,0,3,5,4
116.4279,39.95811,1.01,-0.8,0,0,88.65,0,0,0,1,9,9,252,226,232,149,0,0,0,3,5,4
116.42815,39.95812,1.01,-0.8,0,0,88.59,0,0,0,1,9,9,252,226,232,149,0,0,0,3,5,4
116.42866,39.95813,1.01,-0.8,0,0,88.46,0,0,0,1,9,9,252,226,232,149,0,0,0,3,5,4
116.42866,39.95813,1.01,-0.8,0,0,88.46,0,0,0,1,9,9,252,226,232,149,0,0,0,3,5,4
116.42917,39.95815,1.01,-0.8,0,0,88.34,0,0,0,1,9,9,252,226,232,149,0,0,0,3,5,4
116.42943,39.95816,1.01,-0.8,0,0,88.28,0,0,0,1,9,9,252,226,232,149,0,0,0,3,5,4
116.42994,39.95817,1.01,-0.8,0,0,88.15,0,0,0,1,9,9,252,226,232,149,0,0,0,3,5,4
116.43019,39.95818,1.01,-0.8,0,0,88.09,0,0,0,1,9,9,252,226,232,149,0,0,0,3,5,4
116.4307,39.9582,1.01,-0.8,0,0,87.97,0,0,0,1,9,9,252,226,232,149,0,0,0,3,5,4
116.43096,39.95821,1.01,-0.8,0,0,87.91,0,0,0,1,9,9,252,226,232,149,0,0,0,3,5,4
116.43147,39.95823,1.01,-0.8,0,0,87.78,0,0,0,1,9,9,252,226,232,149,0,0,0,3,5,4
116.43172,39.95824,1.01,-0.8,0,0,87.72,0,0,0,1,9,9,252,226,232,149,0,0,0,3,5,4
116.43198,39.95825,1.01,-0.8,0,0,87.66,0,0,0,1,9,9,252,226,232,149,0,0,0,3,5,4
116.43223,39.95826,1.01,-0.8,0,0,87.6,0,0,0,1,9,9,252,226,232,149,0,0,0,3,5,4
116.43274,39.95828,1.01,-0.8,0,0,87.47,0,0,0,1,9,9,252,226,232,149,0,0,0,3,5,4
116.43299,39.95829,1.01,-0.8,0,0,87.41,0,0,0,1,9,9,252,226,232,149,0,0,0,3,5,4
116.4335,39.95831,1.01,-0.8,0,0,88.46,0,0,0,1,9,9,252,226,232,149,0,0,0,3,5,4
116.43376,39.95831,1.01,-0.8,0,0,89.24,0,0,0,1,9,9,252,226,232,148,0,0,0,3,5,4
116.43427,39.95832,1.01,-0.8,0,0,88.93,0,0,0,1,9,9,252,226,232,148,0,0,0,3,5,4
116.43452,39.95833,1.01,-0.8,0,0,87.97,0,0,0,1,9,9,252,226,232,149,0,0,0,3,5,4
116.43478,39.95834,1.01,-0.8,0,0,87.44,0,0,0,1,9,9,252,226,232,149,0,0,0,3,5,4
116.43503,39.95835,1.01,-0.8,0,0,87.53,0,0,0,1,9,9,252,226,232,149,0,0,0,3,5,4
116.43554,39.95836,1.01,-0.8,0,0,89.32,0,0,0,1,9,9,252,226,232,148,0,0,0,3,5,4
116.4358,39.95837,1.01,-0.8,0,0,89.84,0,0,0,1,9,9,252,226,232,148,0,0,0,3,5,4
116.43631,39.95837,1.01,-0.8,0,0,89.04,0,0,0,1,9,9,252,226,232,148,0,0,0,3,5,4
116.43656,39.95838,1.01,-0.8,0,0,88.15,0,0,0,1,9,9,252,226,232,149,0,0,0,3,5,4
116.43707,39.95839,1.01,-0.8,0,0,88.22,0,0,0,1,9,9,252,226,232,149,0,0,0,3,5,4
116.43707,39.95839,1.01,-0.8,0,0,88.22,0,0,0,1,9,9,252,226,232,149,0,0,0,3,5,4
116.43758,39.95841,1.01,-0.8,0,0,88.17,0,0,0,1,9,9,252,226,232,149,0,0,0,3,5,4
116.43784,39.95842,1.01,-0.8,0,0,88.01,0,0,0,1,9,9,252,226,232,149,0,0,0,3,5,4
116.43835,39.95843,1.01,-0.8,0,0,88.59,0,0,0,1,9,9,252,226,232,149,0,0,0,3,5,4
116.4386,39.95844,1.01,-0.8,0,0,88.2,0,0,0,1,9,9,252,226,232,149,0,0,0,3,5,4
116.43911,39.95845,1.01,-0.8,0,0,88.69,0,0,0,1,9,9,252,226,232,149,0,0,0,3,5,4
116.43937,39.95846,1.01,-0.8,0,0,88.84,0,0,0,1,9,9,252,226,232,148,0,0,0,3,5,4
116.43988,39.95847,1.01,-0.8,0,0,87.85,0,0,0,1,9,9,252,226,232,149,0,0,0,3,5,4
116.44013,39.95848,1.01,-0.8,0,0,87.94,0,0,0,1,9,9,252,226,232,149,0,0,0,3,5,4
116.44039,39.95849,1.01,-0.8,0,0,88.1,0,0,0,1,9,9,252,226,232,149,0,0,0,3,5,4
116.44064,39.9585,1.01,-0.8,0,0,87.63,0,0,0,1,9,9,252,226,232,149,0,0,0,3,5,4
116.44115,39.95853,1.01,-0.8,0,0,87.43,0,0,0,1,9,9,252,226,232,149,0,0,0,3,5,4
116.44141,39.95854,1.01,-0.8,0,0,87.47,0,0,0,1,9,9,252,226,232,149,0,0,0,3,5,4
116.44191,39.95856,1.01,-0.8,0,0,86.64,0,0,0,1,9,9,252,226,232,149,0,0,0,3,5,4
116.44217,39.95858,1.01,-0.8,0,0,86.98,0,0,0,1,9,9,252,226,232,149,0,0,0,3,5,4
116.44268,39.9586,1.01,-0.8,0,0,89.17,0,0,0,1,9,9,252,226,232,148,0,0,0,3,5,4
116.44268,39.9586,1.01,-0.8,0,0,89.17,0,0,0,1,9,9,252,226,232,148,0,0,0,3,5,4
116.44319,39.9586,1.01,-0.8,0,0,89.85,0,0,0,1,9,9,252,226,232,148,0,0,0,3,5,4
116.44344,39.9586,1.01,-0.8,0,0,89.26,0,0,0,1,9,9,252,226,232,148,0,0,0,3,5,4
116.44395,39.95861,1.01,-0.8,0,0,88.58,0,0,0,1,9,9,252,226,232,148,0,0,0,3,5,4
116.44421,39.95862,1.01,-0.8,0,0,88.83,0,0,0,1,9,9,252,226,232,148,0,0,0,3,5,4
116.44472,39.95863,1.01,-0.8,0,0,88.98,0,0,0,1,9,9,252,226,232,148,0,0,0,3,5,4
116.44497,39.95863,1.01,-0.8,0,0,88.27,0,0,0,1,9,9,252,226,232,148,0,0,0,3,5,4
116.44548,39.95866,1.01,-0.8,0,0,86.12,0,0,0,1,9,9,252,226,232,149,0,0,0,3,5,4
116.44548,39.95866,1.01,-0.8,0,0,86.12,0,0,0,1,9,9,252,226,232,149,0,0,0,3,5,4
116.44599,39.95869,1.01,-0.8,0,0,86.18,0,0,0,1,9,9,252,226,232,149,0,0,0,3,5,4
116.44625,39.95871,1.01,-0.8,0,0,87.01,0,0,0,1,9,9,252,226,232,149,0,0,0,3,5,4
116.44675,39.95873,1.01,-0.8,0,0,87.29,0,0,0,1,9,9,252,226,232,149,0,0,0,3,5,4
116.44701,39.95875,1.01,-0.8,0,0,87.11,0,0,0,1,9,9,252,226,232,149,0,0,0,3,5,4
116.44752,39.95877,1.01,-0.8,0,0,87.58,0,0,0,1,9,9,252,226,232,149,0,0,0,3,5,4
116.44777,39.95878,1.01,-0.8,0,0,88.71,0,0,0,1,9,9,252,226,232,148,0,0,0,3,5,4
116.44803,39.95878,1.01,-0.8,0,0,89.67,0,0,0,1,9,9,252,226,232,148,0,0,0,3,5,4
116.44828,39.95878,1.01,-0.8,0,0,90.01,0,0,0,1,9,9,252,226,232,148,0,0,0,3,5,4
116.44879,39.95879,1.01,-0.8,0,0,88.91,0,0,0,1,9,9,252,226,232,148,0,0,0,3,5,4
116.44905,39.95879,1.01,-0.8,0,0,88.45,0,0,0,1,9,9,252,226,232,148,0,0,0,3,5,4
116.44956,39.9588,1.01,-0.8,0,0,88.72,0,0,0,1,9,9,252,226,232,148,0,0,0,3,5,4
116.44981,39.95881,1.01,-0.8,0,0,88.82,0,0,0,1,9,9,252,226,232,148,0,0,0,3,5,4
116.45032,39.95883,1.01,-0.8,0,0,87.27,0,0,0,1,9,9,252,226,232,149,0,0,0,3,5,4
116.45058,39.95884,1.01,-0.8,0,0,85.57,0,0,0,1,9,9,252,226,232,149,0,0,0,3,5,4
116.45083,39.95887,1.01,-0.8,0,0,83.92,0,0,0,1,9,9,252,226,232,149,0,0,0,3,5,4
116.45108,39.9589,1.01,-0.8,0,0,82.9,0,0,0,1,9,9,252,226,232,150,0,0,0,3,5,4
116.45159,39.95896,1.01,-0.8,0,0,82.71,0,0,0,1,9,9,252,226,232,150,0,0,0,3,5,4
116.45184,39.95899,1.01,-0.8,0,0,83.14,0,0,0,1,9,9,252,226,232,150,0,0,0,3,5,4
116.45235,39.95905,1.01,-0.8,0,0,83.53,0,0,0,1,9,9,252,226,232,150,0,0,0,3,5,4
116.4526,39.95908,1.01,-0.8,0,0,82.95,0,0,0,1,9,9,252,226,232,150,0,0,0,3,5,4
116.45286,39.95911,1.01,-0.8,0,0,82.73,0,0,0,1,9,9,252,226,232,150,0,0,0,3,5,4
116.45311,39.95914,1.01,-0.8,0,0,83.14,0,0,0,1,9,9,252,226,232,150,0,0,0,3,5,4
116.45336,39.95917,1.01,-0.8,0,0,83.9,0,0,0,1,9,9,252,226,232,149,0,0,0,3,5,4
116.45362,39.9592,1.01,-0.8,0,0,84.12,0,0,0,1,9,9,252,226,232,149,0,0,0,3,5,4
116.45412,39.95925,1.01,-0.8,0,0,84.38,0,0,0,1,9,9,252,226,232,149,0,0,0,3,5,4
116.45438,39.95927,1.01,-0.8,0,0,85.05,0,0,0,1,9,9,252,226,232,149,0,0,0,3,5,4
116.45489,39.95932,1.01,-0.8,0,0,85.06,0,0,0,1,9,9,252,226,232,149,0,0,0,3,5,4
116.45514,39.95934,1.01,-0.8,0,0,85.59,0,0,0,1,9,9,252,226,232,149,0,0,0,3,5,4
116.45565,39.95937,1.01,-0.8,0,0,86.15,0,0,0,1,9,9,252,226,232,149,0,0,0,3,5,4
116.4559,39.95939,1.01,-0.8,0,0,85.62,0,0,0,1,9,9,252,226,232,149,0,0,0,3,5,4
116.45616,39.95941,1.01,-0.8,0,0,85.53,0,0,0,1,9,9,252,226,232,149,0,0,0,3,5,4
116.45641,39.95943,1.01,-0.8,0,0,85.87,0,0,0,1,9,9,252,226,232,149,0,0,0,3,5,4
116.45692,39.95947,1.01,-0.8,0,0,84.94,0,0,0,1,9,9,252,226,232,149,0,0,0,3,5,4
116.45717,39.9595,1.01,-0.8,0,0,83.55,0,0,0,1,9,9,252,226,232,150,0,0,0,3,5,4
116.45768,39.95957,1.01,-0.8,0,0,80.59,0,0,0,1,9,9,252,226,232,150,0,0,0,3,5,4
116.45793,39.95961,1.01,-0.8,0,0,80,0,0,0,1,9,9,252,226,232,151,0,0,0,3,5,4
116.45843,39.9597,1.01,-0.8,0,0,80.68,0,0,0,1,9,9,252,226,232,150,0,0,0,3,5,4
116.45868,39.95974,1.01,-0.8,0,0,81.87,0,0,0,1,9,9,252,226,232,150,0,0,0,3,5,4
116.45919,39.9598,1.01,-0.8,0,0,82.93,0,0,0,1,9,9,252,226,232,150,0,0,0,3,5,4
116.45919,39.9598,1.01,-0.8,0,0,82.93,0,0,0,1,9,9,252,226,232,150,0,0,0,3,5,4
116.45952,39.95985,1.01,-0.8,0,0,82.28,0,0,0,1,9,9,252,226,232,150,0,0,0,3,5,4
116.45977,39.95988,1.01,-0.8,0,0,81.63,0,0,0,1,9,9,252,226,232,150,0,0,0,3,5,4
116.46028,39.95996,1.01,-0.8,0,0,82.19,0,0,0,1,9,9,252,226,232,150,0,0,0,3,5,4
116.46053,39.95999,1.01,-0.8,0,0,83.14,0,0,0,1,9,9,252,226,232,150,0,0,0,3,5,4
116.46103,39.96005,1.01,-0.8,0,0,83.45,0,0,0,1,9,9,252,226,232,150,0,0,0,3,5,4
116.46129,39.96007,1.01,-0.8,0,0,83.79,0,0,0,1,9,9,252,226,232,150,0,0,0,3,5,4
116.4618,39.96012,1.01,-0.8,0,0,84.44,0,0,0,1,9,9,252,226,232,149,0,0,0,3,5,4
116.4618,39.96012,1.01,-0.8,0,0,84.44,0,0,0,1,9,9,252,226,232,149,0,0,0,3,5,4
116.4623,39.96018,1.01,-0.8,0,0,84.16,0,0,0,1,9,9,252,226,232,149,0,0,0,3,5,4
116.46256,39.9602,1.01,-0.8,0,0,84.63,0,0,0,1,9,9,252,226,232,149,0,0,0,3,5,4
116.46306,39.96024,1.01,-0.8,0,0,85.06,0,0,0,1,9,9,252,226,232,149,0,0,0,3,5,4
116.46332,39.96027,1.01,-0.8,0,0,84.35,0,0,0,1,9,9,252,226,232,149,0,0,0,3,5,4
116.46383,39.96033,1.01,-0.8,0,0,82.19,0,0,0,1,9,9,252,226,232,150,0,0,0,3,5,4
116.46408,39.96036,1.01,-0.8,0,0,81.91,0,0,0,1,9,9,252,226,232,150,0,0,0,3,5,4
116.46408,39.96036,1.01,-0.8,0,0,82.25,0,0,0,1,9,9,252,226,232,150,0,0,0,3,5,4
116.46458,39.96043,1.01,-0.8,0,0,82.53,0,0,0,1,9,9,252,226,232,150,0,0,0,3,5,4
116.46509,39.9605,1.01,-0.8,0,0,82.53,0,0,0,1,9,9,252,226,232,150,0,0,0,3,5,4
116.46534,39.96053,1.01,-0.8,0,0,83.02,0,0,0,1,9,9,252,226,232,150,0,0,0,3,5,4
116.46585,39.9606,1.01,-0.8,0,0,82.21,0,0,0,1,9,9,252,226,232,150,0,0,0,3,5,4
116.4661,39.96063,1.01,-0.8,0,0,81.23,0,0,0,1,9,9,252,226,232,150,0,0,0,3,5,4
116.4666,39.96071,1.01,-0.8,0,0,81.04,0,0,0,1,9,9,252,226,232,150,0,0,0,3,5,4
116.46686,39.96075,1.01,-0.8,0,0,81.84,0,0,0,1,9,9,252,226,232,150,0,0,0,3,5,4
116.46711,39.96079,1.01,-0.8,0,0,82.37,0,0,0,1,9,9,252,226,232,150,0,0,0,3,5,4
116.46736,39.96082,1.01,-0.8,0,0,82.31,0,0,0,1,9,9,252,226,232,150,0,0,0,3,5,4
116.46787,39.96089,1.01,-0.8,0,0,83.29,0,0,0,1,9,9,252,226,232,150,0,0,0,3,5,4
116.46812,39.96091,1.01,-0.8,0,0,83.69,0,0,0,1,9,9,252,226,232,150,0,0,0,3,5,4
116.46863,39.96097,1.01,-0.8,0,0,82.9,0,0,0,1,9,9,252,226,232,150,0,0,0,3,5,4
116.46888,39.961,1.01,-0.8,0,0,82.87,0,0,0,1,9,9,252,226,232,150,0,0,0,3,5,4
116.46939,39.96106,1.01,-0.8,0,0,83.72,0,0,0,1,9,9,252,226,232,150,0,0,0,3,5,4
116.46964,39.96109,1.01,-0.8,0,0,83.98,0,0,0,1,9,9,252,226,232,150,0,0,0,3,5,4
116.46989,39.96112,1.01,-0.8,0,0,83.64,0,0,0,1,9,9,252,226,232,150,0,0,0,3,5,4
116.47015,39.96115,1.01,-0.8,0,0,83.12,0,0,0,1,9,9,252,226,232,150,0,0,0,3,5,4
116.47065,39.96121,1.01,-0.8,0,0,83.65,0,0,0,1,9,9,252,226,232,150,0,0,0,3,5,4
116.47091,39.96124,1.01,-0.8,0,0,84.08,0,0,0,1,9,9,252,226,232,150,0,0,0,3,5,4
116.47141,39.96128,1.01,-0.8,0,0,84.91,0,0,0,1,9,9,252,226,232,150,0,0,0,3,5,4
116.47167,39.96131,1.01,-0.8,0,0,84.82,0,0,0,1,9,9,252,226,232,150,0,0,0,3,5,4
116.47217,39.96136,1.01,-0.8,0,0,84.08,0,0,0,1,9,9,252,226,232,150,0,0,0,3,5,4
116.47243,39.96138,1.01,-0.8,0,0,84.45,0,0,0,1,9,9,252,226,232,150,0,0,0,3,5,4
116.47268,39.96141,1.01,-0.8,0,0,84.88,0,0,0,1,9,9,252,226,232,150,0,0,0,3,5,4
116.47294,39.96143,1.01,-0.8,0,0,85.19,0,0,0,1,9,9,252,226,232,150,0,0,0,3,5,4
116.47344,39.96147,1.01,-0.8,0,0,84.36,0,0,0,2,9,9,252,226,232,175,0,0,0,3,5,4
116.4737,39.9615,1.01,-0.8,0,0,84.39,0,0,0,2,9,9,252,226,232,175,0,0,0,3,5,4
116.47421,39.96154,1.01,-0.8,0,0,86.31,0,0,0,2,9,9,252,226,232,174,0,0,0,3,5,4
116.47446,39.96155,1.01,-0.8,0,0,88.2,0,0,0,2,9,9,252,226,232,174,0,0,0,3,5,4
116.47497,39.96155,1.01,-0.8,0,0,93.76,0,0,0,2,9,9,252,226,232,173,0,0,0,3,5,4
116.47522,39.96152,1.01,-0.8,0,0,96.46,0,0,0,2,9,9,252,226,232,172,0,0,0,3,5,4
116.47548,39.96149,1.01,-0.8,0,0,98.66,0,0,0,2,9,9,252,226,232,171,0,0,0,3,5,4
116.47573,39.96144,1.01,-0.8,0,0,101.29,0,0,0,2,9,9,252,226,232,171,0,0,0,3,5,4
116.47622,39.96132,1.01,-0.8,0,0,106.93,0,0,0,2,9,9,252,226,232,169,0,0,0,3,5,4
116.47622,39.96122,1.01,-0.8,0,0,108.88,0,0,0,2,9,9,252,226,232,169,0,0,0,3,5,4
116.47694,39.96106,1.01,-0.8,0,0,112.82,0,0,0,2,9,9,252,226,232,168,0,0,0,3,5,4
116.47717,39.96095,1.01,-0.8,0,0,115.26,0,0,0,2,9,9,252,226,232,167,0,0,0,3,5,4
116.47763,39.96072,1.01,-0.8,0,0,118.85,0,0,0,2,9,9,252,226,232,166,0,0,0,3,5,4
116.47785,39.96059,1.01,-0.8,0,0,121.23,0,0,0,2,9,9,252,226,232,165,0,0,0,3,5,4
116.47806,39.96045,1.01,-0.8,0,0,123.56,0,0,0,2,9,9,252,226,232,165,0,0,0,3,5,4
116.47827,39.96031,1.01,-0.8,0,0,125.27,0,0,0,2,9,9,252,226,232,164,0,0,0,3,5,4
116.47868,39.96,1.01,-0.8,0,0,129.67,0,0,0,2,9,9,252,226,232,163,0,0,0,3,5,4
116.47887,39.95983,1.01,-0.8,0,0,132.8,0,0,0,2,9,9,252,226,232,162,0,0,0,3,5,4
116.47922,39.95946,1.01,-0.8,0,0,139.43,0,0,0,2,9,9,252,226,232,161,0,0,0,3,5,4
116.47938,39.95927,1.01,-0.8,0,0,141.88,0,0,0,2,9,9,252,226,232,160,0,0,0,3,5,4
116.47968,39.95885,1.01,-0.8,0,0,144.91,0,0,0,2,9,9,252,226,232,159,0,0,0,3,5,4
116.47983,39.95864,1.01,-0.8,0,0,145.5,0,0,0,2,9,9,252,226,232,159,0,0,0,3,5,4
116.47997,39.95843,1.01,-0.8,0,0,145.91,0,0,0,2,9,9,252,226,232,159,0,0,0,3,5,4
116.48011,39.95822,1.01,-0.8,0,0,146.94,0,0,0,2,9,9,252,226,232,159,0,0,0,3,5,4
116.48038,39.95779,1.01,-0.8,0,0,149.78,0,0,0,2,9,9,252,226,232,158,0,0,0,3,5,4
116.48051,39.95757,1.01,-0.8,0,0,151.17,0,0,0,2,9,9,252,226,232,158,0,0,0,3,5,4
116.48063,39.95714,1.01,-0.8,0,0,152.47,0,0,0,2,9,9,252,226,232,157,0,0,0,3,5,4
116.48086,39.95689,1.01,-0.8,0,0,153.31,0,0,0,2,9,9,252,226,232,157,0,0,0,3,5,4
116.48108,39.95643,1.01,-0.8,0,0,155.35,0,0,0,2,9,9,252,226,232,156,0,0,0,3,5,4
116.48119,39.9562,1.01,-0.8,0,0,155.77,0,0,0,2,9,9,252,226,232,156,0,0,0,3,5,4
116.48129,39.95596,1.01,-0.8,0,0,156.73,0,0,0,2,9,9,252,226,232,156,0,0,0,3,5,4
116.48139,39.95573,1.01,-0.8,0,0,157.96,0,0,0,2,9,9,252,226,232,156,0,0,0,3,5,4
116.48157,39.95525,1.01,-0.8,0,0,158.64,0,0,0,2,9,9,252,226,232,156,0,0,0,3,5,4
116.48167,39.95501,1.01,-0.8,0,0,158.61,0,0,0,2,9,9,252,226,232,156,0,0,0,3,5,4
116.48185,39.95454,1.01,-0.8,0,0,160.41,0,0,0,2,9,9,252,226,232,155,0,0,0,3,5,4
116.48193,39.9543,1.01,-0.8,0,0,162.22,0,0,0,2,9,9,252,226,232,155,0,0,0,3,5,4
116.48207,39.95381,1.01,-0.8,0,0,164.89,0,0,0,2,9,9,252,226,232,154,0,0,0,3,5,4
116.48214,39.95356,1.01,-0.8,0,0,165.29,0,0,0,2,9,9,252,226,232,154,0,0,0,3,5,4
116.4822,39.95331,1.01,-0.8,0,0,165.15,0,0,0,2,9,9,252,226,232,154,0,0,0,3,5,4
116.48227,39.95307,1.01,-0.8,0,0,165.36,0,0,0,2,9,9,252,226,232,154,0,0,0,3,5,4
116.48239,39.95257,1.01,-0.8,0,0,167.66,0,0,0,2,9,9,252,226,232,153,0,0,0,3,5,4
116.48244,39.95232,1.01,-0.8,0,0,169.28,0,0,0,2,9,9,252,226,232,153,0,0,0,3,5,4
116.48252,39.95182,1.01,-0.8,0,0,170.71,0,0,0,2,9,9,252,226,232,153,0,0,0,3,5,4
116.48256,39.95157,1.01,-0.8,0,0,170.49,0,0,0,2,9,9,252,226,232,153,0,0,0,3,5,4
116.48261,39.95132,1.01,-0.8,0,0,170.56,0,0,0,2,9,9,252,226,232,153,0,0,0,3,5,4
116.48269,39.95081,1.01,-0.8,0,0,171.17,0,0,0,2,9,9,252,226,232,153,0,0,0,3,5,4
116.48273,39.95056,1.01,-0.8,0,0,171.79,0,0,0,2,9,9,252,226,232,152,0,0,0,3,5,4
116.48276,39.95031,1.01,-0.8,0,0,172.01,0,0,0,2,9,9,252,226,232,152,0,0,0,3,5,4
116.48284,39.9498,1.01,-0.8,0,0,170.84,0,0,0,2,9,9,252,226,232,153,0,0,0,3,5,4
116.48288,39.94955,1.01,-0.8,0,0,170.62,0,0,0,2,9,9,252,226,232,153,0,0,0,3,5,4
116.48296,39.94905,1.01,-0.8,0,0,172.05,0,0,0,2,9,9,252,226,232,152,0,0,0,3,5,4
116.48299,39.94879,1.01,-0.8,0,0,173.24,0,0,0,2,9,9,252,226,232,152,0,0,0,3,5,4
116.48305,39.94829,1.01,-0.8,0,0,174.08,0,0,0,2,9,9,252,226,232,152,0,0,0,3,5,4
116.48307,39.94803,1.01,-0.8,0,0,174.33,0,0,0,2,9,9,252,226,232,152,0,0,0,3,5,4
116.4831,39.94778,1.01,-0.8,0,0,174.58,0,0,0,2,9,9,252,226,232,152,0,0,0,3,5,4
116.48312,39.94753,1.01,-0.8,0,0,174.82,0,0,0,2,9,9,252,226,232,152,0,0,0,3,5,4
116.48316,39.94702,1.01,-0.8,0,0,175.32,0,0,0,2,9,9,252,226,232,151,0,0,0,3,5,4
116.48318,39.94676,1.01,-0.8,0,0,175.57,0,0,0,2,9,9,252,226,232,151,0,0,0,3,5,4
116.48322,39.94626,1.01,-0.8,0,0,176.06,0,0,0,2,9,9,252,226,232,151,0,0,0,3,5,4
116.48324,39.946,1.01,-0.8,0,0,176.31,0,0,0,2,9,9,252,226,232,151,0,0,0,3,5,4
116.48327,39.94549,1.01,-0.8,0,0,176.81,0,0,0,2,9,9,252,226,232,151,0,0,0,3,5,4
116.48328,39.94524,1.01,-0.8,0,0,177.06,0,0,0,2,9,9,252,226,232,151,0,0,0,3,5,4
116.48328,39.94494,1.01,-0.8,0,0,177.3,0,0,0,2,9,9,252,226,232,151,0,0,0,3,5,4
116.48331,39.94473,1.01,-0.8,0,0,177.55,0,0,0,2,9,9,252,226,232,151,0,0,0,3,5,4
116.48332,39.94422,1.01,-0.8,0,0,178.05,0,0,0,2,9,9,252,226,232,151,0,0,0,3,5,4
116.48333,39.94396,1.01,-0.8,0,0,178.29,0,0,0,2,9,9,252,226,232,151,0,0,0,3,5,4
116.48335,39.94345,1.01,-0.8,0,0,178.79,0,0,0,2,9,9,252,226,232,151,0,0,0,3,5,4
116.48335,39.9432,1.01,-0.8,0,0,179.04,0,0,0,2,9,9,252,226,232,150,0,0,0,3,5,4
116.48336,39.94269,1.01,-0.8,0,0,179.53,0,0,0,2,9,9,252,226,232,150,0,0,0,3,5,4
116.48336,39.94269,1.01,-0.8,0,0,179.53,0,0,0,2,9,9,252,226,232,150,0,0,0,3,5,4
116.48336,39.94218,1.01,-0.8,0,0,180.03,0,0,0,2,9,9,252,226,232,150,0,0,0,3,5,4
116.48336,39.94192,1.01,-0.8,0,0,180.28,0,0,0,2,9,9,252,226,232,150,0,0,0,3,5,4
116.48335,39.94141,1.01,-0.8,0,0,180.77,0,0,0,2,9,9,252,226,232,150,0,0,0,3,5,4
116.48335,39.94116,1.01,-0.8,0,0,181.02,0,0,0,2,9,9,252,226,232,150,0,0,0,3,5,4
116.48334,39.9409,1.01,-0.8,0,0,181.27,0,0,0,2,9,9,252,226,232,150,0,0,0,3,5,4
116.48334,39.94065,1.01,-0.8,0,0,181.52,0,0,0,2,9,9,252,226,232,150,0,0,0,3,5,4
116.48332,39.94014,1.01,-0.8,0,0,182.01,0,0,0,2,9,9,252,226,232,150,0,0,0,3,5,4
116.48331,39.93988,1.01,-0.8,0,0,182.26,0,0,0,2,9,9,252,226,232,150,0,0,0,3,5,4
116.4833,39.93963,1.01,-0.8,0,0,182.51,0,0,0,2,9,9,252,226,232,150,0,0,0,3,5,4
116.48329,39.93937,1.01,-0.8,0,0,182.76,0,0,0,2,9,9,252,226,232,149,0,0,0,3,5,4
116.48326,39.93887,1.01,-0.8,0,0,182.51,0,0,0,2,9,9,252,226,232,149,0,0,0,3,5,4
116.48326,39.93861,1.01,-0.8,0,0,181.67,0,0,0,2,9,9,252,226,232,150,0,0,0,3,5,4
116.48324,39.9381,1.01,-0.8,0,0,181.61,0,0,0,2,9,9,252,226,232,150,0,0,0,3,5,4
116.48323,39.93785,1.01,-0.8,0,0,182.51,0,0,0,2,9,9,252,226,232,150,0,0,0,3,5,4
116.4832,39.93734,1.01,-0.8,0,0,184.27,0,0,0,2,9,9,252,226,232,149,0,0,0,3,5,4
116.4832,39.93734,1.01,-0.8,0,0,184.27,0,0,0,2,9,9,252,226,232,149,0,0,0,3,5,4
116.48316,39.93683,1.01,-0.8,0,0,183.59,0,0,0,2,9,9,252,226,232,149,0,0,0,3,5,4
116.48315,39.93657,1.01,-0.8,0,0,182.32,0,0,0,2,9,9,252,226,232,150,0,0,0,3,5,4
116.48315,39.93606,1.01,-0.8,0,0,179.22,0,0,0,2,9,9,252,226,232,150,0,0,0,3,5,4
116.48315,39.93581,1.01,-0.8,0,0,178.51,0,0,0,2,9,9,252,226,232,151,0,0,0,3,5,4
116.48317,39.9353,1.01,-0.8,0,0,178.81,0,0,0,2,9,9,252,226,232,151,0,0,0,3,5,4
116.48317,39.93504,1.01,-0.8,0,0,179.24,0,0,0,2,9,9,252,226,232,150,0,0,0,3,5,4
116.48317,39.93479,1.01,-0.8,0,0,179.5,0,0,0,2,9,9,252,226,232,150,0,0,0,3,5,4
116.48318,39.93453,1.01,-0.8,0,0,179.16,0,0,0,2,9,9,252,226,232,150,0,0,0,3,5,4
116.48319,39.93402,1.01,-0.8,0,0,178.74,0,0,0,2,9,9,252,226,232,151,0,0,0,3,5,4
116.48319,39.93377,1.01,-0.8,0,0,179.33,0,0,0,2,9,9,252,226,232,150,0,0,0,3,5,4
116.4832,39.93326,1.01,-0.8,0,0,179.21,0,0,0,2,9,9,252,226,232,150,0,0,0,3,5,4
116.4832,39.933,1.01,-0.8,0,0,179.42,0,0,0,2,9,9,252,226,232,150,0,0,0,3,5,4
116.4832,39.93275,1.01,-0.8,0,0,180,0,0,0,2,9,9,252,226,232,150,0,0,0,3,5,4
116.4832,39.93249,1.01,-0.8,0,0,180.03,0,0,0,2,9,9,252,226,232,150,0,0,0,3,5,4
116.4832,39.93198,1.01,-0.8,0,0,180.13,0,0,0,2,9,9,252,226,232,150,0,0,0,3,5,4
116.4832,39.93173,1.01,-0.8,0,0,180.64,0,0,0,2,9,9,252,226,232,150,0,0,0,3,5,4
116.4832,39.93122,1.01,-0.8,0,0,179.84,0,0,0,2,9,9,252,226,232,150,0,0,0,3,5,4
116.4832,39.93096,1.01,-0.8,0,0,179.19,0,0,0,2,9,9,252,226,232,150,0,0,0,3,5,4
116.4832,39.93045,1.01,-0.8,0,0,179.75,0,0,0,2,9,9,252,226,232,150,0,0,0,3,5,4
116.4832,39.9302,1.01,-0.8,0,0,180.92,0,0,0,2,9,9,252,226,232,150,0,0,0,3,5,4
116.4832,39.92994,1.01,-0.8,0,0,181.82,0,0,0,2,9,9,252,226,232,150,0,0,0,3,5,4
116.48319,39.92969,1.01,-0.8,0,0,182.09,0,0,0,2,9,9,252,226,232,150,0,0,0,3,5,4
116.48318,39.92941,1.01,-0.8,0,0,181.69,0,0,0,2,9,9,252,226,232,150,0,0,0,3,5,4
116.48318,39.92941,1.01,-0.8,0,0,181.69,0,0,0,2,9,9,252,226,232,150,0,0,0,3,5,4
116.48317,39.929,1.01,-0.8,0,0,181.44,0,0,0,2,9,9,252,226,232,150,0,0,0,3,5,4
116.48316,39.92875,1.01,-0.8,0,0,182.05,0,0,0,2,9,9,252,226,232,150,0,0,0,3,5,4
116.48314,39.92824,1.01,-0.8,0,0,182.37,0,0,0,2,9,9,252,226,232,150,0,0,0,3,5,4
116.48313,39.92798,1.01,-0.8,0,0,182.9,0,0,0,2,9,9,252,226,232,149,0,0,0,3,5,4
116.48309,39.92747,1.01,-0.8,0,0,185.74,0,0,0,2,9,9,252,226,232,149,0,0,0,3,5,4
116.48306,39.92722,1.01,-0.8,0,0,187.07,0,0,0,2,9,9,252,226,232,149,0,0,0,3,5,4
116.48303,39.92697,1.01,-0.8,0,0,187.78,0,0,0,2,9,9,252,226,232,148,0,0,0,3,5,4
116.48299,39.92671,1.01,-0.8,0,0,187.87,0,0,0,2,9,9,252,226,232,148,0,0,0,3,5,4
116.48293,39.92621,1.01,-0.8,0,0,186.21,0,0,0,2,9,9,252,226,232,149,0,0,0,3,5,4
116.4829,39.92595,1.01,-0.8,0,0,185.25,0,0,0,2,9,9,252,226,232,149,0,0,0,3,5,4
116.48286,39.92545,1.01,-0.8,0,0,185.19,0,0,0,2,9,9,252,226,232,149,0,0,0,3,5,4
116.48283,39.92519,1.01,-0.8,0,0,185.64,0,0,0,2,9,9,252,226,232,149,0,0,0,3,5,4
116.48279,39.92468,1.01,-0.8,0,0,185.2,0,0,0,2,9,9,252,226,232,149,0,0,0,3,5,4
116.48279,39.92468,1.01,-0.8,0,0,185.2,0,0,0,2,9,9,252,226,232,149,0,0,0,3,5,4
116.48274,39.92418,1.01,-0.8,0,0,185.42,0,0,0,2,9,9,252,226,232,149,0,0,0,3,5,4
116.48271,39.92392,1.01,-0.8,0,0,186.44,0,0,0,2,9,9,252,226,232,148,0,0,0,3,5,4
116.48264,39.92342,1.01,-0.8,0,0,188.66,0,0,0,2,9,9,252,226,232,148,0,0,0,3,5,4
116.48261,39.92317,1.01,-0.8,0,0,188.88,0,0,0,2,9,9,252,226,232,148,0,0,0,3,5,4
116.48253,39.92266,1.01,-0.8,0,0,187.9,0,0,0,2,9,9,252,226,232,148,0,0,0,3,5,4
116.4825,39.92241,1.01,-0.8,0,0,187.93,0,0,0,2,9,9,252,226,232,148,0,0,0,3,5,4
116.48246,39.92216,1.01,-0.8,0,0,188.02,0,0,0,2,9,9,252,226,232,148,0,0,0,3,5,4
116.48243,39.9219,1.01,-0.8,0,0,187.5,0,0,0,2,9,9,252,226,232,148,0,0,0,3,5,4
116.48236,39.9214,1.01,-0.8,0,0,187.19,0,0,0,2,9,9,252,226,232,148,0,0,0,3,5,4
116.48233,39.92114,1.01,-0.8,0,0,187.89,0,0,0,2,9,9,252,226,232,148,0,0,0,3,5,4
116.48226,39.92064,1.01,-0.8,0,0,187.99,0,0,0,2,9,9,252,226,232,148,0,0,0,3,5,4
116.48222,39.92039,1.01,-0.8,0,0,187.62,0,0,0,2,9,9,252,226,232,148,0,0,0,3,5,4
116.48216,39.91988,1.01,-0.8,0,0,187.52,0,0,0,2,9,9,252,226,232,148,0,0,0,3,5,4
116.48212,39.91963,1.01,-0.8,0,0,188.17,0,0,0,2,9,9,252,226,232,148,0,0,0,3,5,4
116.48209,39.91938,1.01,-0.8,0,0,188.33,0,0,0,2,9,9,252,226,232,148,0,0,0,3,5,4
116.48205,39.91912,1.01,-0.8,0,0,187.99,0,0,0,2,9,9,252,226,232,148,0,0,0,3,5,4
116.48198,39.91862,1.01,-0.8,0,0,187.26,0,0,0,2,9,9,252,226,232,148,0,0,0,3,5,4
116.48195,39.91837,1.01,-0.8,0,0,187.29,0,0,0,2,9,9,252,226,232,148,0,0,0,3,5,4
116.48188,39.91786,1.01,-0.8,0,0,188.24,0,0,0,2,9,9,252,226,232,148,0,0,0,3,5,4
116.48184,39.91761,1.01,-0.8,0,0,188.04,0,0,0,2,9,9,252,226,232,148,0,0,0,3,5,4
116.48177,39.9171,1.01,-0.8,0,0,188.89,0,0,0,2,9,9,252,226,232,148,0,0,0,3,5,4
116.48173,39.91685,1.01,-0.8,0,0,189.23,0,0,0,2,9,9,252,226,232,147,0,0,0,3,5,4
116.48169,39.9166,1.01,-0.8,0,0,189.02,0,0,0,2,9,9,252,226,232,147,0,0,0,3,5,4
116.48165,39.91635,1.01,-0.8,0,0,188.71,0,0,0,2,9,9,252,226,232,148,0,0,0,3,5,4
116.48158,39.91584,1.01,-0.8,0,0,188.09,0,0,0,2,9,9,252,226,232,148,0,0,0,3,5,4
116.48154,39.91559,1.01,-0.8,0,0,188.06,0,0,0,2,9,9,252,226,232,148,0,0,0,3,5,4
116.48146,39.91509,1.01,-0.8,0,0,189.3,0,0,0,2,9,9,252,226,232,147,0,0,0,3,5,4
116.48142,39.91483,1.01,-0.8,0,0,189.33,0,0,0,2,9,9,252,226,232,147,0,0,0,3,5,4
116.48134,39.91433,1.01,-0.8,0,0,188.84,0,0,0,2,9,9,252,226,232,147,0,0,0,3,5,4
116.4813,39.91408,1.01,-0.8,0,0,188.99,0,0,0,2,9,9,252,226,232,147,0,0,0,3,5,4
116.48126,39.91383,1.01,-0.8,0,0,189.73,0,0,0,2,9,9,252,226,232,147,0,0,0,3,5,4
116.48122,39.91358,1.01,-0.8,0,0,190.19,0,0,0,2,9,9,252,226,232,147,0,0,0,3,5,4
116.48113,39.91307,1.01,-0.8,0,0,189.39,0,0,0,2,9,9,252,226,232,147,0,0,0,3,5,4
116.48109,39.91282,1.01,-0.8,0,0,189.17,0,0,0,2,9,9,252,226,232,147,0,0,0,3,5,4
116.481,39.91232,1.01,-0.8,0,0,189.11,0,0,0,2,9,9,252,226,232,147,0,0,0,3,5,4
116.48097,39.91207,1.01,-0.8,0,0,188.47,0,0,0,2,9,9,252,226,232,147,0,0,0,3,5,4
116.48089,39.91156,1.01,-0.8,0,0,188.56,0,0,0,2,9,9,252,226,232,147,0,0,0,3,5,4
116.48085,39.91131,1.01,-0.8,0,0,188.16,0,0,0,2,9,9,252,226,232,147,0,0,0,3,5,4
116.48082,39.91106,1.01,-0.8,0,0,187.48,0,0,0,2,9,9,252,226,232,148,0,0,0,3,5,4
116.48079,39.9108,1.01,-0.8,0,0,187.39,0,0,0,2,9,9,252,226,232,148,0,0,0,3,5,4
116.48072,39.9103,1.01,-0.8,0,0,187.93,0,0,0,2,9,9,252,226,232,147,0,0,0,3,5,4
116.48068,39.91005,1.01,-0.8,0,0,187.53,0,0,0,2,9,9,252,226,232,148,0,0,0,3,5,4
116.48061,39.90954,1.01,-0.8,0,0,188.09,0,0,0,2,9,9,252,226,232,147,0,0,0,3,5,4
116.48058,39.90929,1.01,-0.8,0,0,188.18,0,0,0,2,9,9,252,226,232,147,0,0,0,3,5,4
116.48051,39.90878,1.01,-0.8,0,0,187.99,0,0,0,2,9,9,252,226,232,147,0,0,0,3,5,4
116.48047,39.90853,1.01,-0.8,0,0,188.51,0,0,0,2,9,9,252,226,232,147,0,0,0,3,5,4
116.48043,39.90828,1.01,-0.8,0,0,188.48,0,0,0,2,9,9,252,226,232,147,0,0,0,3,5,4
116.4804,39.90803,1.01,-0.8,0,0,187.83,0,0,0,2,9,9,252,226,232,147,0,0,0,3,5,4
116.48034,39.90752,1.01,-0.8,0,0,185.35,0,0,0,2,9,9,252,226,232,148,0,0,0,3,5,4
116.48034,39.90752,1.01,-0.8,0,0,185.35,0,0,0,2,9,9,252,226,232,148,0,0,0,3,5,4
116.48027,39.90676,1.01,-0.8,0,0,185.4,0,0,0,2,9,9,252,226,232,148,0,0,0,3,5,4
116.48025,39.9065,1.01,-0.8,0,0,185.75,0,0,0,2,9,9,252,226,232,148,0,0,0,3,5,4
116.4802,39.906,1.01,-0.8,0,0,185.7,0,0,0,2,9,9,252,226,232,148,0,0,0,3,5,4
116.48017,39.90574,1.01,-0.8,0,0,186.4,0,0,0,2,9,9,252,226,232,148,0,0,0,3,5,4
116.48014,39.90549,1.01,-0.8,0,0,186.74,0,0,0,2,9,9,252,226,232,148,0,0,0,3,5,4
116.48011,39.90524,1.01,-0.8,0,0,186.46,0,0,0,2,9,9,252,226,232,148,0,0,0,3,5,4
116.48006,39.90473,1.01,-0.8,0,0,185.73,0,0,0,2,9,9,252,226,232,148,0,0,0,3,5,4
116.48003,39.90447,1.01,-0.8,0,0,185.91,0,0,0,2,9,9,252,226,232,148,0,0,0,3,5,4
116.47999,39.90397,1.01,-0.8,0,0,185.04,0,0,0,2,9,9,252,226,232,148,0,0,0,3,5,4
116.47996,39.90371,1.01,-0.8,0,0,185.19,0,0,0,2,9,9,252,226,232,148,0,0,0,3,5,4
116.47994,39.90346,1.01,-0.8,0,0,185.41,0,0,0,2,9,9,252,226,232,148,0,0,0,3,5,4
116.47992,39.90321,1.01,-0.8,0,0,185.01,0,0,0,2,9,9,252,226,232,148,0,0,0,3,5,4
116.47987,39.9027,1.01,-0.8,0,0,184.95,0,0,0,2,9,9,252,226,232,148,0,0,0,3,5,4
116.47985,39.90244,1.01,-0.8,0,0,185.66,0,0,0,2,9,9,252,226,232,148,0,0,0,3,5,4
116.4798,39.90194,1.01,-0.8,0,0,185.6,0,0,0,2,9,9,252,226,232,148,0,0,0,3,5,4
116.47977,39.90168,1.01,-0.8,0,0,185.29,0,0,0,2,9,9,252,226,232,148,0,0,0,3,5,4
116.47973,39.90117,1.01,-0.8,0,0,185.62,0,0,0,2,9,9,252,226,232,148,0,0,0,3,5,4
116.4797,39.90092,1.01,-0.8,0,0,186.26,0,0,0,2,9,9,252,226,232,147,0,0,0,3,5,4
116.47967,39.90067,1.01,-0.8,0,0,186.29,0,0,0,2,9,9,252,226,232,147,0,0,0,3,5,4
116.47965,39.90041,1.01,-0.8,0,0,185.98,0,0,0,2,9,9,252,226,232,148,0,0,0,3,5,4
116.4796,39.89991,1.01,-0.8,0,0,185.36,0,0,0,2,9,9,252,226,232,148,0,0,0,3,5,4
116.47957,39.89965,1.01,-0.8,0,0,185.09,0,0,0,2,9,9,252,226,232,148,0,0,0,3,5,4
116.47952,39.89914,1.01,-0.8,0,0,186.02,0,0,0,2,9,9,252,226,232,147,0,0,0,3,5,4
116.4795,39.89889,1.01,-0.8,0,0,186.3,0,0,0,2,9,9,252,226,232,147,0,0,0,3,5,4
116.47944,39.89838,1.01,-0.8,0,0,185.74,0,0,0,2,9,9,252,226,232,147,0,0,0,3,5,4
116.47942,39.89813,1.01,-0.8,0,0,185.52,0,0,0,2,9,9,252,226,232,147,0,0,0,3,5,4
116.47937,39.89762,1.01,-0.8,0,0,186.56,0,0,0,2,9,9,252,226,232,147,0,0,0,3,5,4
116.47934,39.89737,1.01,-0.8,0,0,186.72,0,0,0,2,9,9,252,226,232,147,0,0,0,3,5,4
116.47931,39.89712,1.01,-0.8,0,0,186.25,0,0,0,2,9,9,252,226,232,147,0,0,0,3,5,4
116.47928,39.89686,1.01,-0.8,0,0,185.73,0,0,0,2,9,9,252,226,232,147,0,0,0,3,5,4
116.47923,39.89635,1.01,-0.8,0,0,185.91,0,0,0,2,9,9,252,226,232,147,0,0,0,3,5,4
116.4792,39.8961,1.01,-0.8,0,0,185.39,0,0,0,2,9,9,252,226,232,147,0,0,0,3,5,4
116.47916,39.89559,1.01,-0.8,0,0,185.06,0,0,0,2,9,9,252,226,232,147,0,0,0,3,5,4
116.47914,39.89534,1.01,-0.8,0,0,185.03,0,0,0,2,9,9,252,226,232,147,0,0,0,3,5,4
116.47911,39.89508,1.01,-0.8,0,0,184.42,0,0,0,2,9,9,252,226,232,148,0,0,0,3,5,4
116.47911,39.89508,1.01,-0.8,0,0,184.42,0,0,0,2,9,9,252,226,232,148,0,0,0,3,5,4
116.47906,39.89432,1.01,-0.8,0,0,184.91,0,0,0,2,9,9,252,226,232,148,0,0,0,3,5,4
116.47906,39.89432,1.01,-0.8,0,0,184.91,0,0,0,2,9,9,252,226,232,147,0,0,0,3,5,4
116.47901,39.89381,1.01,-0.8,0,0,184.51,0,0,0,2,9,9,252,226,232,147,0,0,0,3,5,4
116.47899,39.89356,1.01,-0.8,0,0,184.13,0,0,0,2,9,9,252,226,232,147,0,0,0,3,5,4
116.47896,39.89305,1.01,-0.8,0,0,184.57,0,0,0,2,9,9,252,226,232,147,0,0,0,3,5,4
116.47894,39.8928,1.01,-0.8,0,0,185.03,0,0,0,2,9,9,252,226,232,147,0,0,0,3,5,4
116.47889,39.89229,1.01,-0.8,0,0,184.44,0,0,0,2,9,9,252,226,232,147,0,0,0,3,5,4
116.47887,39.89203,1.01,-0.8,0,0,184.01,0,0,0,2,9,9,252,226,232,147,0,0,0,3,5,4
116.47884,39.89152,1.01,-0.8,0,0,183.24,0,0,0,2,9,9,252,226,232,148,0,0,0,3,5,4
116.47884,39.89152,1.01,-0.8,0,0,183.24,0,0,0,2,9,9,252,226,232,148,0,0,0,3,5,4
116.47881,39.89102,1.01,-0.8,0,0,184.1,0,0,0,2,9,9,252,226,232,147,0,0,0,3,5,4
116.47879,39.89076,1.01,-0.8,0,0,184.26,0,0,0,2,9,9,252,226,232,147,0,0,0,3,5,4
116.47876,39.89025,1.01,-0.8,0,0,183.55,0,0,0,2,9,9,252,226,232,147,0,0,0,3,5,4
116.47874,39.89,1.01,-0.8,0,0,183.4,0,0,0,2,9,9,252,226,232,147,0,0,0,3,5,4
116.47871,39.88949,1.01,-0.8,0,0,184.51,0,0,0,2,9,9,252,226,232,147,0,0,0,3,5,4
116.47869,39.88923,1.01,-0.8,0,0,184.54,0,0,0,2,9,9,252,226,232,147,0,0,0,3,5,4
116.47867,39.88898,1.01,-0.8,0,0,183.95,0,0,0,2,9,9,252,226,232,147,0,0,0,3,5,4
116.47865,39.88873,1.01,-0.8,0,0,183.42,0,0,0,2,9,9,252,226,232,147,0,0,0,3,5,4
116.47862,39.88822,1.01,-0.8,0,0,183.26,0,0,0,2,9,9,252,226,232,147,0,0,0,3,5,4
116.47861,39.88796,1.01,-0.8,0,0,182.5,0,0,0,2,9,9,252,226,232,147,0,0,0,3,5,4
116.47859,39.88745,1.01,-0.8,0,0,182.19,0,0,0,2,9,9,252,226,232,147,0,0,0,3,5,4
116.47858,39.8872,1.01,-0.8,0,0,181.85,0,0,0,2,9,9,252,226,232,147,0,0,0,3,5,4
116.47857,39.88669,1.01,-0.8,0,0,180.8,0,0,0,2,9,9,252,226,232,148,0,0,0,3,5,4
116.47857,39.88643,1.01,-0.8,0,0,181.14,0,0,0,2,9,9,252,226,232,147,0,0,0,3,5,4
116.47856,39.88618,1.01,-0.8,0,0,181.42,0,0,0,2,9,9,252,226,232,147,0,0,0,3,5,4
116.47855,39.88592,1.01,-0.8,0,0,181.09,0,0,0,2,9,9,252,226,232,147,0,0,0,3,5,4
116.47855,39.88541,1.01,-0.8,0,0,181.38,0,0,0,2,9,9,252,226,232,147,0,0,0,3,5,4
116.47854,39.88516,1.01,-0.8,0,0,181.66,0,0,0,2,9,9,252,226,232,147,0,0,0,3,5,4
116.47853,39.88465,1.01,-0.8,0,0,180.84,0,0,0,2,9,9,252,226,232,147,0,0,0,3,5,4
116.47852,39.88439,1.01,-0.8,0,0,180.39,0,0,0,2,9,9,252,226,232,147,0,0,0,3,5,4
116.47852,39.88388,1.01,-0.8,0,0,181.07,0,0,0,2,9,9,252,226,232,147,0,0,0,3,5,4
116.47851,39.88363,1.01,-0.8,0,0,182.34,0,0,0,2,9,9,252,226,232,147,0,0,0,3,5,4
116.4785,39.88337,1.01,-0.8,0,0,183.88,0,0,0,2,9,9,252,226,232,146,0,0,0,3,5,4
116.47848,39.88312,1.01,-0.8,0,0,184.84,0,0,0,2,9,9,252,226,232,146,0,0,0,3,5,4
116.47843,39.88261,1.01,-0.8,0,0,184.9,0,0,0,2,9,9,252,226,232,146,0,0,0,3,5,4
116.47843,39.88261,1.01,-0.8,0,0,184.9,0,0,0,2,9,9,252,226,232,146,0,0,0,3,5,4
116.47837,39.88185,1.01,-0.8,0,0,185.06,0,0,0,2,9,9,252,226,232,145,0,0,0,3,5,4
116.47835,39.88159,1.01,-0.8,0,0,184.67,0,0,0,2,9,9,252,226,232,145,0,0,0,3,5,4
116.47831,39.88109,1.01,-0.8,0,0,184.85,0,0,0,2,9,9,252,226,232,145,0,0,0,3,5,4
116.47831,39.88109,1.01,-0.8,0,0,184.85,0,0,0,2,9,9,252,226,232,145,0,0,0,3,5,4
116.47826,39.88058,1.01,-0.8,0,0,186.22,0,0,0,2,9,9,252,226,232,145,0,0,0,3,5,4
116.47823,39.88032,1.01,-0.8,0,0,186.06,0,0,0,2,9,9,252,226,232,145,0,0,0,3,5,4
116.47818,39.87982,1.01,-0.8,0,0,184.15,0,0,0,2,9,9,252,226,232,145,0,0,0,3,5,4
116.47817,39.87956,1.01,-0.8,0,0,183.57,0,0,0,2,9,9,252,226,232,145,0,0,0,3,5,4
116.47814,39.87905,1.01,-0.8,0,0,182.46,0,0,0,2,9,9,252,226,232,145,0,0,0,3,5,4
116.47813,39.8788,1.01,-0.8,0,0,181.45,0,0,0,2,9,9,252,226,232,145,0,0,0,3,5,4
116.47813,39.87872,1.01,-0.8,0,0,181.26,0,0,0,2,9,9,252,226,232,145,0,0,0,3,5,4
116.47812,39.87847,1.01,-0.8,0,0,181.04,0,0,0,2,9,9,252,226,232,145,0,0,0,3,5,4
116.47811,39.87796,1.01,-0.8,0,0,182.34,0,0,0,2,9,9,252,226,232,144,0,0,0,3,5,4
116.4781,39.8777,1.01,-0.8,0,0,182.81,0,0,0,2,9,9,252,226,232,144,0,0,0,3,5,4
116.47807,39.87719,1.01,-0.8,0,0,181.91,0,0,0,2,9,9,252,226,232,144,0,0,0,3,5,4
116.47807,39.87694,1.01,-0.8,0,0,181.38,0,0,0,2,9,9,252,226,232,144,0,0,0,3,5,4
116.47806,39.87643,1.01,-0.8,0,0,180.7,0,0,0,2,9,9,252,226,232,144,0,0,0,3,5,4
116.47806,39.87617,1.01,-0.8,0,0,180.05,0,0,0,2,9,9,252,226,232,144,0,0,0,3,5,4
116.47806,39.87592,1.01,-0.8,0,0,180.02,0,0,0,2,9,9,252,226,232,143,0,0,0,3,5,4
116.47805,39.87566,1.01,-0.8,0,0,180.6,0,0,0,2,9,9,252,226,232,143,0,0,0,3,5,4
116.47804,39.87515,1.01,-0.8,0,0,181.29,0,0,0,2,9,9,252,226,232,142,0,0,0,3,5,4
116.47804,39.8749,1.01,-0.8,0,0,180.7,0,0,0,2,9,9,252,226,232,142,0,0,0,3,5,4
116.47804,39.87439,1.01,-0.8,0,0,178.96,0,0,0,2,9,9,252,226,232,141,0,0,0,3,5,4
116.47805,39.87413,1.01,-0.8,0,0,178.78,0,0,0,2,9,9,252,226,232,141,0,0,0,3,5,4
116.47807,39.87362,1.01,-0.8,0,0,177.04,0,0,0,2,9,9,252,226,232,140,0,0,0,3,5,4
116.47807,39.87362,1.01,-0.8,0,0,177.04,0,0,0,2,9,9,252,226,232,140,0,0,0,3,5,4
116.4781,39.87312,1.01,-0.8,0,0,176.48,0,0,0,2,9,9,252,226,232,139,0,0,0,3,5,4
116.47811,39.87286,1.01,-0.8,0,0,176.69,0,0,0,2,9,9,252,226,232,138,0,0,0,3,5,4
116.47814,39.87235,1.01,-0.8,0,0,175.82,0,0,0,3,9,9,252,226,232,175,0,0,0,3,5,4
116.47816,39.8721,1.01,-0.8,0,0,175.98,0,0,0,3,9,9,252,226,232,175,0,0,0,3,5,4
116.47819,39.87159,1.01,-0.8,0,0,178.14,0,0,0,3,9,9,252,226,232,175,0,0,0,3,5,4
116.47819,39.87133,1.01,-0.8,0,0,180.16,0,0,0,3,9,9,252,226,232,174,0,0,0,3,5,4
116.47817,39.87082,1.01,-0.8,0,0,186.04,0,0,0,3,9,9,252,226,232,174,0,0,0,3,5,4
116.47813,39.87057,1.01,-0.8,0,0,189.92,0,0,0,3,9,9,252,226,232,173,0,0,0,3,5,4
116.47808,39.87032,1.01,-0.8,0,0,194.23,0,0,0,3,9,9,252,226,232,171,0,0,0,3,5,4
116.478,39.87008,1.01,-0.8,0,0,198.44,0,0,0,3,9,9,252,226,232,170,0,0,0,3,5,4
116.47781,39.86961,1.01,-0.8,0,0,205.07,0,0,0,3,9,9,252,226,232,168,0,0,0,3,5,4
116.4777,39.86938,1.01,-0.8,0,0,207.45,0,0,0,3,9,9,252,226,232,167,0,0,0,3,5,4
116.47745,39.86893,1.01,-0.8,0,0,211.43,0,0,0,3,9,9,252,226,232,166,0,0,0,3,5,4
116.47731,39.86872,1.01,-0.8,0,0,213.41,0,0,0,3,9,9,252,226,232,166,0,0,0,3,5,4
116.47701,39.8683,1.01,-0.8,0,0,217.04,0,0,0,3,9,9,252,226,232,165,0,0,0,3,5,4
116.47686,39.8681,1.01,-0.8,0,0,218.06,0,0,0,3,9,9,252,226,232,165,0,0,0,3,5,4
116.4767,39.8679,1.01,-0.8,0,0,218.65,0,0,0,3,9,9,252,226,232,164,0,0,0,3,5,4
116.47654,39.8677,1.01,-0.8,0,0,219.73,0,0,0,3,9,9,252,226,232,164,0,0,0,3,5,4
116.4762,39.86732,1.01,-0.8,0,0,223.76,0,0,0,3,9,9,252,226,232,163,0,0,0,3,5,4
116.47602,39.86714,1.01,-0.8,0,0,226.44,0,0,0,3,9,9,252,226,232,162,0,0,0,3,5,4
116.47564,39.86681,1.01,-0.8,0,0,230.1,0,0,0,3,9,9,252,226,232,161,0,0,0,3,5,4
116.47544,39.86664,1.01,-0.8,0,0,230.99,0,0,0,3,9,9,252,226,232,161,0,0,0,3,5,4
116.47504,39.86633,1.01,-0.8,0,0,233.05,0,0,0,3,9,9,252,226,232,160,0,0,0,3,5,4
116.47483,39.86618,1.01,-0.8,0,0,234.99,0,0,0,3,9,9,252,226,232,160,0,0,0,3,5,4
116.47462,39.86604,1.01,-0.8,0,0,236.76,0,0,0,3,9,9,252,226,232,159,0,0,0,3,5,4
116.47441,39.8659,1.01,-0.8,0,0,237.92,0,0,0,3,9,9,252,226,232,159,0,0,0,3,5,4
116.47397,39.86564,1.01,-0.8,0,0,239.94,0,0,0,3,9,9,252,226,232,159,0,0,0,3,5,4
116.47375,39.86551,1.01,-0.8,0,0,241.46,0,0,0,3,9,9,252,226,232,158,0,0,0,3,5,4
116.47329,39.86529,1.01,-0.8,0,0,245.05,0,0,0,3,9,9,252,226,232,157,0,0,0,3,5,4
116.47306,39.86518,1.01,-0.8,0,0,246.01,0,0,0,3,9,9,252,226,232,157,0,0,0,3,5,4
116.47259,39.86497,1.01,-0.8,0,0,246.07,0,0,0,3,9,9,252,226,232,157,0,0,0,3,5,4
116.47259,39.86497,1.01,-0.8,0,0,246.07,0,0,0,3,9,9,252,226,232,157,0,0,0,3,5,4
116.47213,39.86476,1.01,-0.8,0,0,244.21,0,0,0,3,9,9,252,226,232,158,0,0,0,3,5,4
116.4719,39.86465,1.01,-0.8,0,0,243.87,0,0,0,3,9,9,252,226,232,158,0,0,0,3,5,4
116.47144,39.86443,1.01,-0.8,0,0,245.05,0,0,0,3,9,9,252,226,232,157,0,0,0,3,5,4
116.47121,39.86432,1.01,-0.8,0,0,246.16,0,0,0,3,9,9,252,226,232,157,0,0,0,3,5,4
116.47074,39.86412,1.01,-0.8,0,0,247.98,0,0,0,3,9,9,252,226,232,157,0,0,0,3,5,4
116.4705,39.86403,1.01,-0.8,0,0,248.11,0,0,0,3,9,9,252,226,232,157,0,0,0,3,5,4
116.47003,39.86384,1.01,-0.8,0,0,249.54,0,0,0,3,9,9,252,226,232,156,0,0,0,3,5,4
116.47003,39.86384,1.01,-0.8,0,0,249.54,0,0,0,3,9,9,252,226,232,156,0,0,0,3,5,4
116.46954,39.86368,1.01,-0.8,0,0,251.32,0,0,0,3,9,9,252,226,232,156,0,0,0,3,5,4
116.4693,39.86359,1.01,-0.8,0,0,251.74,0,0,0,3,9,9,252,226,232,156,0,0,0,3,5,4
116.46882,39.86344,1.01,-0.8,0,0,253.84,0,0,0,3,9,9,252,226,232,155,0,0,0,3,5,4
116.46857,39.86337,1.01,-0.8,0,0,254.32,0,0,0,3,9,9,252,226,232,155,0,0,0,3,5,4
116.46808,39.86324,1.01,-0.8,0,0,256.21,0,0,0,3,9,9,252,226,232,155,0,0,0,3,5,4
116.46783,39.86318,1.01,-0.8,0,0,257.17,0,0,0,3,9,9,252,226,232,154,0,0,0,3,5,4
116.46758,39.86313,1.01,-0.8,0,0,257.51,0,0,0,3,9,9,252,226,232,154,0,0,0,3,5,4
116.46733,39.86307,1.01,-0.8,0,0,257.35,0,0,0,3,9,9,252,226,232,154,0,0,0,3,5,4
116.46683,39.86297,1.01,-0.8,0,0,258.44,0,0,0,3,9,9,252,226,232,154,0,0,0,3,5,4
116.46658,39.86292,1.01,-0.8,0,0,259.3,0,0,0,3,9,9,252,226,232,154,0,0,0,3,5,4
116.46608,39.86283,1.01,-0.8,0,0,260.09,0,0,0,3,9,9,252,226,232,154,0,0,0,3,5,4
116.46583,39.86278,1.01,-0.8,0,0,259.91,0,0,0,3,9,9,252,226,232,154,0,0,0,3,5,4
116.46533,39.8627,1.01,-0.8,0,0,261.11,0,0,0,3,9,9,252,226,232,153,0,0,0,3,5,4
116.46507,39.86266,1.01,-0.8,0,0,261.92,0,0,0,3,9,9,252,226,232,153,0,0,0,3,5,4
116.46482,39.86263,1.01,-0.8,0,0,262.72,0,0,0,3,9,9,252,226,232,153,0,0,0,3,5,4
116.46457,39.8626,1.01,-0.8,0,0,263.51,0,0,0,3,9,9,252,226,232,153,0,0,0,3,5,4
116.46406,39.86254,1.01,-0.8,0,0,263.65,0,0,0,3,9,9,252,226,232,153,0,0,0,3,5,4
116.46381,39.86251,1.01,-0.8,0,0,263.8,0,0,0,3,9,9,252,226,232,153,0,0,0,3,5,4
116.46355,39.86249,1.01,-0.8,0,0,264.84,0,0,0,3,9,9,252,226,232,152,0,0,0,3,5,4
116.46305,39.86244,1.01,-0.8,0,0,264.82,0,0,0,3,9,9,252,226,232,152,0,0,0,3,5,4
116.46279,39.86242,1.01,-0.8,0,0,265.35,0,0,0,3,9,9,252,226,232,152,0,0,0,3,5,4
116.46254,39.8624,1.01,-0.8,0,0,266.05,0,0,0,3,9,9,252,226,232,152,0,0,0,3,5,4
116.46203,39.86236,1.01,-0.8,0,0,265.65,0,0,0,3,9,9,252,226,232,152,0,0,0,3,5,4
116.46177,39.86234,1.01,-0.8,0,0,265.44,0,0,0,3,9,9,252,226,232,152,0,0,0,3,5,4
116.46127,39.86231,1.01,-0.8,0,0,266.3,0,0,0,3,9,9,252,226,232,152,0,0,0,3,5,4
116.46101,39.86229,1.01,-0.8,0,0,266.79,0,0,0,3,9,9,252,226,232,152,0,0,0,3,5,4
116.4605,39.86227,1.01,-0.8,0,0,267.69,0,0,0,3,9,9,252,226,232,152,0,0,0,3,5,4
116.4605,39.86227,1.01,-0.8,0,0,267.69,0,0,0,3,9,9,252,226,232,152,0,0,0,3,5,4
116.45999,39.86225,1.01,-0.8,0,0,267.02,0,0,0,3,9,9,252,226,232,152,0,0,0,3,5,4
116.45974,39.86223,1.01,-0.8,0,0,267.06,0,0,0,3,9,9,252,226,232,152,0,0,0,3,5,4
116.45948,39.86222,1.01,-0.8,0,0,267.71,0,0,0,3,9,9,252,226,232,152,0,0,0,3,5,4
116.45923,39.86221,1.01,-0.8,0,0,268.42,0,0,0,3,9,9,252,226,232,151,0,0,0,3,5,4
116.45872,39.8622,1.01,-0.8,0,0,268.67,0,0,0,3,9,9,252,226,232,151,0,0,0,3,5,4
116.45846,39.86219,1.01,-0.8,0,0,269.43,0,0,0,3,9,9,252,226,232,151,0,0,0,3,5,4
116.45795,39.86219,1.01,-0.8,0,0,270,0,0,0,3,9,9,252,226,232,151,0,0,0,3,5,4
116.45795,39.86219,1.01,-0.8,0,0,270,0,0,0,3,9,9,252,226,232,151,0,0,0,3,5,4
116.45744,39.8622,1.01,-0.8,0,0,270.85,0,0,0,3,9,9,252,226,232,151,0,0,0,3,5,4
116.45719,39.8622,1.01,-0.8,0,0,271.19,0,0,0,3,9,9,252,226,232,151,0,0,0,3,5,4
116.45693,39.86221,1.01,-0.8,0,0,270.02,0,0,0,3,9,9,252,226,232,151,0,0,0,3,5,4
116.45642,39.86221,1.01,-0.8,0,0,268.95,0,0,0,3,9,9,252,226,232,151,0,0,0,3,5,4
116.45591,39.86219,1.01,-0.8,0,0,268.64,0,0,0,3,9,9,252,226,232,151,0,0,0,3,5,4
116.45566,39.86219,1.01,-0.8,0,0,269.41,0,0,0,3,9,9,252,226,232,151,0,0,0,3,5,4
116.45515,39.86219,1.01,-0.8,0,0,270.46,0,0,0,3,9,9,252,226,232,151,0,0,0,3,5,4
116.45489,39.86219,1.01,-0.8,0,0,270.74,0,0,0,3,9,9,252,226,232,151,0,0,0,3,5,4
116.45464,39.8622,1.01,-0.8,0,0,271.63,0,0,0,3,9,9,252,226,232,151,0,0,0,3,5,4
116.45438,39.86221,1.01,-0.8,0,0,272.34,0,0,0,3,9,9,252,226,232,150,0,0,0,3,5,4
116.45387,39.86223,1.01,-0.8,0,0,272.17,0,0,0,3,9,9,252,226,232,150,0,0,0,3,5,4
116.45362,39.86224,1.01,-0.8,0,0,272.45,0,0,0,3,9,9,252,226,232,150,0,0,0,3,5,4
116.45311,39.86226,1.01,-0.8,0,0,272.97,0,0,0,3,9,9,252,226,232,150,0,0,0,3,5,4
116.45286,39.86228,1.01,-0.8,0,0,272.76,0,0,0,3,9,9,252,226,232,150,0,0,0,3,5,4
116.45235,39.8623,1.01,-0.8,0,0,273.74,0,0,0,3,9,9,252,226,232,150,0,0,0,3,5,4
116.45209,39.86232,1.01,-0.8,0,0,273.71,0,0,0,3,9,9,252,226,232,150,0,0,0,3,5,4
116.45184,39.86234,1.01,-0.8,0,0,273.62,0,0,0,3,9,9,252,226,232,150,0,0,0,3,5,4
116.45158,39.86235,1.01,-0.8,0,0,274.14,0,0,0,3,9,9,252,226,232,150,0,0,0,3,5,4
116.45107,39.8624,1.01,-0.8,0,0,276.09,0,0,0,3,9,9,252,226,232,149,0,0,0,3,5,4
116.45082,39.86243,1.01,-0.8,0,0,276.31,0,0,0,3,9,9,252,226,232,149,0,0,0,3,5,4
116.45031,39.86248,1.01,-0.8,0,0,274.96,0,0,0,3,9,9,252,226,232,150,0,0,0,3,5,4
116.45006,39.8625,1.01,-0.8,0,0,274.37,0,0,0,3,9,9,252,226,232,150,0,0,0,3,5,4
116.44955,39.86254,1.01,-0.8,0,0,275.05,0,0,0,3,9,9,252,226,232,150,0,0,0,3,5,4
116.4493,39.86257,1.01,-0.8,0,0,276.13,0,0,0,3,9,9,252,226,232,149,0,0,0,3,5,4
116.44904,39.8626,1.01,-0.8,0,0,276.72,0,0,0,3,9,9,252,226,232,149,0,0,0,3,5,4
116.44879,39.86263,1.01,-0.8,0,0,276.69,0,0,0,3,9,9,252,226,232,149,0,0,0,3,5,4
116.44828,39.86268,1.01,-0.8,0,0,275.45,0,0,0,3,9,9,252,226,232,150,0,0,0,3,5,4
116.44803,39.8627,1.01,-0.8,0,0,275.48,0,0,0,3,9,9,252,226,232,150,0,0,0,3,5,4
116.44752,39.86275,1.01,-0.8,0,0,276.1,0,0,0,3,9,9,252,226,232,149,0,0,0,3,5,4
116.44727,39.86278,1.01,-0.8,0,0,276,0,0,0,3,9,9,252,226,232,149,0,0,0,3,5,4
