116.33499,39.95736,0,0,0,0,0,1.01,-0.8,0,200,100,111,1,0,50,50,0,0,9,9,86,3,4
116.33499,39.95736,0,0,0,0,0,1.01,-0.8,0,200,100,111,1,0,50,50,0,0,9,9,86,3,4
116.33499,39.95736,0,0,0,0,0,1.01,-0.8,0,200,100,111,1,0,50,50,0,0,9,9,86,3,4
116.33499,39.95736,0,0,0,0,0,1.01,-0.8,0,200,100,111,1,0,50,50,0,0,9,9,86,3,4
116.33499,39.95736,0,0,0,0,0,1.01,-0.8,0,200,100,111,1,0,50,50,0,0,9,9,86,3,4
116.33496,39.95831,9.94,-298.62,-298.62,0,0,1.01,-0.8,-298.62,200,100,111,1,0,50,50,0,0,9,9,86,3,4
116.33492,39.95881,9.94,-302.17,-302.17,0,0,1.01,-0.8,-302.17,200,100,111,1,0,50,50,0,0,9,9,87,3,4
116.3347,39.95981,9.94,-312.98,-312.98,0,0,1.01,-0.8,-312.98,200,100,111,1,0,50,50,0,0,9,9,86,3,4
116.33452,39.96029,9.94,-320.25,-320.25,0,0,1.01,-0.8,-320.25,200,100,111,1,0,50,50,0,0,9,9,86,3,4
116.33427,39.96073,9.94,326.67,326.67,0,0,1.01,-0.8,326.67,200,100,111,1,0,50,50,0,0,9,9,86,3,4
116.33395,39.96114,9.94,317.96,317.96,0,0,1.01,-0.8,317.96,200,100,111,1,0,50,50,0,0,9,9,86,3,4
116.33316,39.96178,9.94,300.56,300.56,0,0,1.01,-0.8,300.56,200,100,111,1,0,50,50,0,0,9,9,86,3,4
116.3327,39.962,9.94,291.85,291.85,0,0,1.01,-0.8,291.85,200,100,111,1,0,50,50,0,0,9,9,86,3,4
116.3317,39.96222,9.94,274.45,274.45,0,0,1.01,-0.8,274.45,200,100,111,1,0,50,50,0,0,9,9,86,3,4
116.33119,39.96222,9.94,265.75,265.75,0,0,1.01,-0.8,265.75,200,100,111,1,0,50,50,0,0,9,9,86,3,4
116.33069,39.96214,9.94,257.04,257.04,0,0,1.01,-0.8,257.04,200,100,111,1,0,50,50,0,0,9,9,86,3,4
116.32974,39.96176,9.94,239.64,239.64,0,0,1.01,-0.8,239.64,200,100,111,1,0,50,50,0,0,9,9,86,3,4
116.32932,39.96146,9.95,230.94,230.94,0,0,1.01,-0.8,230.94,200,100,111,1,0,50,50,0,0,9,9,86,3,4
116.32895,39.96111,9.95,222.23,222.23,0,0,1.01,-0.8,222.23,200,100,111,1,0,50,50,0,0,9,9,87,3,4
116.3284,39.96025,9.94,204.83,204.83,0,0,1.01,-0.8,204.83,200,100,111,1,0,50,50,0,0,9,9,86,3,4
116.32822,39.95977,9.95,196.13,196.13,0,0,1.01,-0.8,196.13,200,100,111,1,0,50,50,0,0,9,9,86,3,4
116.3281,39.95876,9.94,178.72,178.72,0,0,1.01,-0.8,178.72,200,100,111,1,0,50,50,0,0,9,9,87,3,4
116.32815,39.95825,9.94,170.02,170.02,0,0,1.01,-0.8,170.02,200,100,111,1,0,50,50,0,0,9,9,86,3,4
116.32849,39.95729,9.94,152.61,152.61,0,0,1.01,-0.8,152.61,200,100,111,1,0,50,50,0,0,9,9,86,3,4
116.32876,39.95686,9.94,143.91,143.91,0,0,1.01,-0.8,143.91,200,100,111,1,0,50,50,0,0,9,9,86,3,4
116.32909,39.95647,9.94,135.2,135.2,0,0,1.01,-0.8,135.2,200,100,111,1,0,50,50,0,0,9,9,86,3,4
116.32948,39.95614,9.94,126.5,126.5,0,0,1.01,-0.8,126.5,200,100,111,1,0,50,50,0,0,9,9,86,3,4
116.33039,39.95567,9.94,109.09,109.09,0,0,1.01,-0.8,109.09,200,100,111,1,0,50,50,0,0,9,9,86,3,4
116.33088,39.95554,9.94,100.39,100.39,0,0,1.01,-0.8,100.39,200,100,111,1,0,50,50,0,0,9,9,86,3,4
116.3319,39.95552,9.94,82.99,82.99,0,0,1.01,-0.8,82.99,200,100,111,1,0,50,50,0,0,9,9,86,3,4
116.3324,39.95563,9.94,74.28,74.28,0,0,1.01,-0.8,74.28,200,100,111,1,0,50,50,0,0,9,9,86,3,4
116.33333,39.95605,9.94,56.87,56.87,0,0,1.01,-0.8,56.87,200,100,111,1,0,50,50,0,0,9,9,86,3,4
116.33373,39.95637,9.94,48.17,48.17,0,0,1.01,-0.8,48.17,200,100,111,1,0,50,50,0,0,9,9,86,3,4
116.33408,39.95674,9.94,39.47,39.47,0,0,1.01,-0.8,39.47,200,100,111,1,0,50,50,0,0,9,9,86,3,4
116.33408,39.95674,9.94,39.47,39.47,0,0,1.01,-0.8,39.47,200,100,111,1,0,50,50,0,0,9,9,86,3,4
116.33475,39.95811,9.94,13.36,13.36,0,0,1.01,-0.8,13.36,200,100,111,1,0,50,50,0,0,9,9,86,3,4
116.33482,39.95861,9.94,4.66,4.66,0,0,1.01,-0.8,4.66,200,100,111,1,0,50,50,0,0,9,9,86,3,4
116.33475,39.95963,9.95,-308.11,-308.11,0,0,1.01,-0.8,-308.11,200,100,111,1,0,50,50,0,0,9,9,86,3,4
116.33459,39.96012,9.95,-316.81,-316.81,0,0,1.01,-0.8,-316.81,200,100,111,1,0,50,50,0,0,9,9,86,3,4
116.33407,39.961,9.94,321.14,321.14,0,0,1.01,-0.8,321.14,200,100,111,1,0,50,50,0,0,9,9,86,3,4
116.33372,39.96137,9.94,312.44,312.44,0,0,1.01,-0.8,312.44,200,100,111,1,0,50,50,0,0,9,9,86,3,4
116.33287,39.96192,9.94,295.04,295.04,0,0,1.01,-0.8,295.04,200,100,111,1,0,50,50,0,0,9,9,86,3,4
116.33287,39.96192,9.94,295.04,295.04,0,0,1.01,-0.8,295.04,200,100,111,1,0,50,50,0,0,9,9,86,3,4
116.33189,39.9622,9.94,277.63,277.63,0,0,1.01,-0.8,277.63,200,100,111,1,0,50,50,0,0,9,9,86,3,4
116.33138,39.96223,9.94,268.93,268.93,0,0,1.01,-0.8,268.93,200,100,111,1,0,50,50,0,0,9,9,86,3,4
116.33037,39.96205,9.94,251.52,251.52,0,0,1.01,-0.8,251.52,200,100,111,1,0,50,50,0,0,9,9,86,3,4
116.3299,39.96185,9.95,242.82,242.82,0,0,1.01,-0.8,242.82,200,100,111,1,0,50,50,0,0,9,9,86,3,4
116.32908,39.96124,9.94,225.41,225.41,0,0,1.01,-0.8,225.41,200,100,111,1,0,50,50,0,0,9,9,86,3,4
116.32875,39.96085,9.94,216.71,216.71,0,0,1.01,-0.8,216.71,200,100,111,1,0,50,50,0,0,9,9,86,3,4
116.32848,39.96042,9.94,208,208,0,0,1.01,-0.8,208,200,100,111,1,0,50,50,0,0,9,9,86,3,4
116.32828,39.95995,9.94,199.3,199.3,0,0,1.01,-0.8,199.3,200,100,111,1,0,50,50,0,0,9,9,86,3,4
116.3281,39.95895,9.94,181.9,181.9,0,0,1.01,-0.8,181.9,200,100,111,1,0,50,50,0,0,9,9,86,3,4
116.32812,39.95844,9.94,173.19,173.19,0,0,1.01,-0.8,173.19,200,100,111,1,0,50,50,0,0,9,9,86,3,4
116.3284,39.95746,9.94,155.78,155.78,0,0,1.01,-0.8,155.78,200,100,111,1,0,50,50,0,0,9,9,86,3,4
116.32865,39.95701,9.94,147.08,147.08,0,0,1.01,-0.8,147.08,200,100,111,1,0,50,50,0,0,9,9,86,3,4
116.32933,39.95625,9.94,129.68,129.68,0,0,1.01,-0.8,129.68,200,100,111,1,0,50,50,0,0,9,9,86,3,4
116.32975,39.95596,9.95,120.97,120.97,0,0,1.01,-0.8,120.97,200,100,111,1,0,50,50,0,0,9,9,86,3,4
116.33021,39.95573,9.94,112.27,112.27,0,0,1.01,-0.8,112.27,200,100,111,1,0,50,50,0,0,9,9,86,3,4
116.3307,39.95558,9.94,103.57,103.57,0,0,1.01,-0.8,103.57,200,100,111,1,0,50,50,0,0,9,9,86,3,4
116.33172,39.9555,9.94,86.16,86.16,0,0,1.01,-0.8,86.16,200,100,111,1,0,50,50,0,0,9,9,86,3,4
116.33222,39.95558,9.94,77.46,77.46,0,0,1.01,-0.8,77.46,200,100,111,1,0,50,50,0,0,9,9,86,3,4
116.33317,39.95596,9.94,60.05,60.05,0,0,1.01,-0.8,60.05,200,100,111,1,0,50,50,0,0,9,9,86,3,4
116.33359,39.95625,9.94,51.35,51.35,0,0,1.01,-0.8,51.35,200,100,111,1,0,50,50,0,0,9,9,86,3,4
116.33427,39.957,9.94,33.94,33.94,0,0,1.01,-0.8,33.94,200,100,111,1,0,50,50,0,0,9,9,86,3,4
116.33452,39.95745,9.94,25.24,25.24,0,0,1.01,-0.8,25.24,200,100,111,1,0,50,50,0,0,9,9,86,3,4
116.3347,39.95793,9.94,16.54,16.54,0,0,1.01,-0.8,16.54,200,100,111,1,0,50,50,0,0,9,9,86,3,4
116.33481,39.95843,9.94,7.83,7.83,0,0,1.01,-0.8,7.83,200,100,111,1,0,50,50,0,0,9,9,86,3,4
116.33478,39.95945,9.94,-304.93,-304.93,0,0,1.01,-0.8,-304.93,200,100,111,1,0,50,50,0,0,9,9,86,3,4
116.33466,39.95994,9.94,-313.64,-313.64,0,0,1.01,-0.8,-313.64,200,100,111,1,0,50,50,0,0,9,9,86,3,4
116.33419,39.96085,9.94,324.32,324.32,0,0,1.01,-0.8,324.32,200,100,111,1,0,50,50,0,0,9,9,86,3,4
116.33385,39.96124,9.94,315.62,315.62,0,0,1.01,-0.8,315.62,200,100,111,1,0,50,50,0,0,9,9,86,3,4
116.33304,39.96184,9.94,298.21,298.21,0,0,1.01,-0.8,298.21,200,100,111,1,0,50,50,0,0,9,9,86,3,4
116.33257,39.96205,9.94,289.51,289.51,0,0,1.01,-0.8,289.51,200,100,111,1,0,50,50,0,0,9,9,86,3,4
116.33207,39.96218,9.94,280.81,280.81,0,0,1.01,-0.8,280.81,200,100,111,1,0,50,50,0,0,9,9,86,3,4
116.33156,39.96223,9.95,272.1,272.1,0,0,1.01,-0.8,272.1,200,100,111,1,0,50,50,0,0,9,9,86,3,4
116.33007,39.96193,9.94,245.99,245.99,0,0,1.01,-0.8,245.99,200,100,111,1,0,50,50,1,0,9,9,86,3,4
116.32922,39.96137,9.94,228.59,228.59,0,0,1.01,-0.8,228.59,200,100,111,1,0,50,50,1,0,9,9,86,3,4
116.32886,39.961,9.94,219.89,219.89,0,0,1.01,-0.8,219.89,200,100,111,1,0,50,50,1,0,9,9,86,3,4
116.32834,39.96013,9.94,202.48,202.48,0,0,1.01,-0.8,202.48,200,100,111,1,0,50,50,1,0,9,9,86,3,4
116.32832,39.96008,0,201.61,201.61,0,0,1.01,-0.8,201.61,200,100,111,1,0,50,50,1,0,9,9,86,3,4
116.32832,39.96008,0,201.61,201.61,0,0,1.01,-0.8,201.61,200,100,111,1,0,50,50,1,0,9,9,86,3,4
116.32821,39.95974,9.94,195.52,195.52,0,0,1.01,-0.8,195.52,200,100,111,1,0,50,50,1,0,9,9,86,3,4
116.3281,39.95873,9.94,178.11,178.11,0,0,1.01,-0.8,178.11,200,100,111,1,0,50,50,1,0,9,9,86,3,4
116.32816,39.95822,9.94,169.41,169.41,0,0,1.01,-0.8,169.41,200,100,111,1,0,50,50,1,0,9,9,86,3,4
116.3285,39.95726,9.94,152,152,0,0,1.01,-0.8,152,200,100,111,1,0,50,50,1,0,9,9,86,3,4
116.32878,39.95683,9.94,143.3,143.3,0,0,1.01,-0.8,143.3,200,100,111,1,0,50,50,1,0,9,9,86,5,4
116.32951,39.95612,9.85,126.76,126.76,88.2,88.02,1.01,-0.8,126.76,199,100,138,10,10,50,50,1,1,9,9,86,5,4
116.32993,39.95584,9.85,120.17,120.17,87.63,87.36,1.01,-0.8,120.17,199,100,140,10,10,50,50,1,1,9,9,86,5,4
116.33038,39.95561,9.85,114.82,114.82,87.14,86.8,1.01,-0.8,114.82,199,100,141,10,10,50,50,1,1,9,9,86,5,4
116.33085,39.95542,9.85,110.69,110.69,86.72,86.31,1.01,-0.8,110.69,199,100,142,10,10,50,50,1,1,9,9,86,5,4
116.33181,39.95511,9.84,106.13,106.13,85.96,85.45,1.01,-0.8,106.13,199,100,142,10,10,50,50,1,1,9,9,86,5,4
116.3323,39.95497,9.85,105.52,105.52,85.6,85.04,1.01,-0.8,105.52,199,100,142,10,10,50,50,1,1,9,9,86,5,4
116.33328,39.95471,9.85,104.53,104.53,84.87,84.22,1.01,-0.8,104.53,198,100,142,10,10,50,50,1,1,9,9,86,5,4
116.33377,39.95458,9.85,104,104,84.48,83.79,1.01,-0.8,104,198,100,142,10,10,50,50,1,1,9,9,86,5,4
116.33475,39.95437,9.75,100.1,100.1,83.79,83.03,1.01,-0.8,100.1,198,100,143,10,10,50,50,1,1,9,9,86,5,4
116.33475,39.95437,9.75,100.1,100.1,83.79,83.03,1.01,-0.8,100.1,198,100,143,10,10,50,50,1,1,9,9,86,5,4
116.33575,39.95424,9.75,94.74,94.74,83.23,82.42,1.01,-0.8,94.74,198,100,144,10,10,50,50,1,1,9,9,86,5,4
116.33625,39.95421,9.74,92.06,92.06,83.01,82.19,1.01,-0.8,92.06,198,100,144,10,10,50,50,1,1,9,9,86,5,4
116.33725,39.95422,9.75,88.15,88.15,82.72,81.9,1.01,-0.8,88.15,198,100,145,10,10,50,50,1,1,9,9,86,5,4
116.33775,39.95423,9.75,87.97,87.97,82.58,81.76,1.01,-0.8,87.97,197,100,145,10,10,50,50,1,1,9,9,86,5,4
116.33876,39.95425,9.75,91.26,91.26,82.28,81.46,1.01,-0.8,91.26,197,100,144,10,10,50,50,1,1,9,9,86,5,4
116.33926,39.95422,9.65,93.63,93.63,82.01,81.18,1.01,-0.8,93.63,197,100,143,10,10,50,50,1,1,9,9,86,5,4
116.34025,39.95414,9.65,94.72,94.72,81.37,80.51,1.01,-0.8,94.72,197,100,143,10,10,50,50,1,1,9,9,86,5,4
116.34025,39.95414,9.65,94.72,94.72,81.37,80.51,1.01,-0.8,94.72,197,100,143,10,10,50,50,1,1,9,9,86,5,4
116.34124,39.95409,9.65,90.98,90.98,80.76,79.88,1.01,-0.8,90.98,197,100,143,10,10,50,50,1,1,9,9,86,5,4
116.34173,39.9541,9.65,87.32,87.32,80.54,79.66,1.01,-0.8,87.32,197,100,144,10,10,50,50,1,1,9,9,86,5,4
116.34272,39.9542,9.66,81.89,81.89,80.33,79.48,1.01,-0.8,81.89,196,100,146,10,10,50,50,1,1,9,9,86,5,4
116.34321,39.95428,9.55,80.99,80.99,80.32,79.49,1.01,-0.8,80.99,196,100,146,10,10,50,50,1,1,9,9,86,5,4
116.34418,39.95442,9.55,82.78,82.78,80.22,79.43,1.01,-0.8,82.78,196,100,146,10,10,50,50,1,1,9,9,86,5,4
116.34467,39.95447,9.55,85.47,85.47,80.1,79.32,1.01,-0.8,85.47,196,100,145,10,10,50,50,1,1,9,9,86,5,4
116.34565,39.9545,9.55,90.34,90.34,79.53,78.76,1.01,-0.8,90.34,196,100,143,10,10,50,50,1,1,9,9,86,5,4
116.34565,39.9545,9.55,90.34,90.34,79.53,78.76,1.01,-0.8,90.34,196,100,143,10,10,50,50,1,1,9,9,86,5,4
116.34664,39.95448,9.54,90.46,90.46,78.65,77.87,1.01,-0.8,90.46,195,100,143,10,10,50,50,1,1,9,9,86,5,4
116.34712,39.95449,9.45,88.74,88.74,78.27,77.49,1.01,-0.8,88.74,195,100,143,10,10,50,50,1,1,9,9,86,5,4
116.34809,39.95456,9.45,83.61,83.61,77.65,76.88,1.01,-0.8,83.61,195,100,144,10,10,50,50,1,1,9,9,86,5,4
116.34858,39.95462,9.44,82.49,82.49,77.4,76.65,1.01,-0.8,82.49,195,100,144,10,10,50,50,1,1,9,9,86,5,4
116.34954,39.95474,9.45,83.79,83.79,76.89,76.17,1.01,-0.8,83.79,195,100,144,10,10,50,50,1,1,9,9,86,5,4
116.34954,39.95474,9.45,83.79,83.79,76.89,76.17,1.01,-0.8,83.79,195,100,144,10,10,50,50,1,1,9,9,86,5,4
116.35051,39.95481,9.45,86.6,86.6,75.96,75.26,1.01,-0.8,86.6,195,100,143,10,10,50,50,1,1,9,9,86,5,4
116.351,39.95484,9.45,86.31,86.31,75.38,74.69,1.01,-0.8,86.31,194,100,142,10,10,50,50,1,1,9,9,86,5,4
116.35196,39.95493,9.34,82.51,82.51,74.24,73.58,1.01,-0.8,82.51,194,100,143,10,10,50,50,1,1,9,9,86,5,4
116.35244,39.95501,9.35,80.17,80.17,73.82,73.18,1.01,-0.8,80.17,194,100,144,10,10,50,50,1,1,9,9,86,5,4
116.35338,39.9552,9.35,77.49,77.49,73.11,72.53,1.01,-0.8,77.49,194,100,144,10,10,50,50,1,1,9,9,86,5,4
116.35385,39.95531,9.35,77.9,77.9,72.81,72.26,1.01,-0.8,77.9,194,100,144,10,10,50,50,1,1,9,9,86,5,4
116.3548,39.95548,9.35,81.99,81.99,71.45,70.95,1.01,-0.8,81.99,194,100,142,10,10,50,50,1,1,9,9,86,5,4
116.35528,39.95553,9.35,83.69,83.69,71.45,70.95,1.01,-0.8,83.69,194,100,142,10,10,50,50,1,1,9,9,86,5,4
116.35623,39.95563,9.25,83.58,83.58,68.51,68.03,1.01,-0.8,83.58,193,100,141,10,10,50,50,1,1,9,9,86,5,4
116.35623,39.95563,9.25,83.58,83.58,66.42,65.95,1.01,-0.8,83.58,193,100,140,10,10,50,50,1,1,9,9,86,5,4
116.35717,39.95578,9.26,78.83,78.83,112.69,114.2,1.01,-0.8,78.83,193,100,155,10,10,50,50,1,3,9,9,86,5,4
116.35763,39.95588,9.26,75.38,75.38,113.23,114.81,1.01,-0.8,75.38,193,100,156,10,10,50,50,1,3,9,9,86,5,4
116.35854,39.95616,9.25,71.79,71.79,114.53,116.28,1.01,-0.8,71.79,193,100,158,10,10,50,50,1,3,9,9,86,5,4
116.359,39.95631,9.25,71.73,71.73,115.22,117.07,1.01,-0.8,71.73,193,100,159,10,10,50,50,1,3,9,9,86,5,4
116.35991,39.95659,9.25,75.09,75.09,116.61,118.63,1.01,-0.8,75.09,192,100,159,10,10,50,50,1,3,9,9,86,5,4
116.36037,39.9567,9.25,78.48,78.48,116.61,118.63,1.01,-0.8,78.48,192,100,159,10,10,50,50,1,3,9,9,86,5,4
116.36084,39.95678,9.15,81.52,81.52,117.29,119.39,1.01,-0.8,81.52,192,100,159,10,10,50,50,1,3,9,9,86,5,4
116.36084,39.95678,9.15,81.52,81.52,117.93,120.1,1.01,-0.8,81.52,192,100,158,10,10,50,50,1,3,9,9,86,5,4
116.36177,39.95689,9.15,84.15,84.15,119.16,121.45,1.01,-0.8,84.15,192,100,158,10,10,50,50,1,3,9,9,86,5,4
116.36224,39.95693,9.15,83.89,83.89,119.78,122.13,1.01,-0.8,83.89,192,100,159,10,10,50,50,1,3,9,9,86,5,4
116.36318,39.95702,9.14,85.84,85.84,121.11,123.58,1.01,-0.8,85.84,192,100,159,10,10,50,50,1,3,9,9,86,5,4
116.36365,39.95705,9.15,88.52,88.52,121.77,124.29,1.01,-0.8,88.52,192,100,159,10,10,50,50,1,3,9,9,87,5,4
116.36459,39.957,9.05,96.49,96.49,122.92,125.52,1.01,-0.8,96.49,191,100,157,10,10,50,50,1,3,9,9,86,5,4
116.36505,39.95694,9.05,99.49,99.49,123.43,126.06,1.01,-0.8,99.49,191,100,157,10,10,50,50,1,3,9,9,86,5,4
116.36596,39.95676,9.05,102.1,102.1,124.39,127.04,1.01,-0.8,102.1,191,100,156,10,10,50,50,1,3,9,9,86,5,4
116.36596,39.95676,9.05,102.1,102.1,124.39,127.04,1.01,-0.8,102.1,191,100,156,10,10,50,50,1,3,9,9,86,5,4
116.36687,39.95656,9.06,102.56,102.56,125.35,128.02,1.01,-0.8,102.56,191,100,157,10,10,50,50,1,3,9,9,86,5,4
116.36733,39.95645,9.05,103.52,103.52,125.88,128.56,1.01,-0.8,103.52,191,100,157,10,10,50,50,1,3,9,9,86,5,4
116.36822,39.9562,9,108.84,108.84,126.83,129.51,1.01,-0.8,108.84,190,100,156,10,10,50,50,1,3,9,9,86,5,4
116.36865,39.95603,8.95,113.15,113.15,127.23,129.89,1.01,-0.8,113.15,190,100,155,10,10,50,50,1,3,9,9,86,5,4
116.36946,39.95559,8.95,123.79,123.79,127.66,130.24,1.01,-0.8,123.79,190,100,152,10,10,50,50,1,3,9,9,86,5,4
116.36983,39.95531,8.95,128.66,128.66,127.68,130.2,1.01,-0.8,128.66,190,100,151,10,10,50,50,1,3,9,9,86,5,4
116.37018,39.95501,8.95,132.41,132.41,127.6,130.04,1.01,-0.8,132.41,190,100,150,10,10,50,50,1,3,9,9,86,5,4
116.37051,39.95469,8.95,135.04,135.04,127.41,129.76,1.01,-0.8,135.04,190,100,149,10,10,50,50,1,3,9,9,86,5,4
116.37114,39.95403,8.95,136.94,136.94,126.89,129.05,1.01,-0.8,136.94,190,100,148,10,10,50,50,1,3,9,9,86,5,4
116.37146,39.95369,8.95,136.21,136.21,126.6,128.68,1.01,-0.8,136.21,189,100,148,10,10,50,50,1,3,9,9,86,5,4
116.37212,39.95305,8.86,131.42,131.42,126.09,128,1.01,-0.8,131.42,189,100,149,10,10,50,50,1,3,9,9,86,5,4
116.37247,39.95276,8.85,127.51,127.51,125.95,127.78,1.01,-0.8,127.51,189,100,150,10,10,50,50,1,3,9,9,87,5,4
116.37322,39.95225,8.85,122.09,122.09,126.13,127.86,1.01,-0.8,122.09,189,100,152,10,10,50,50,1,3,9,9,86,5,4
116.37322,39.95225,8.85,122.09,122.09,126.13,127.86,1.01,-0.8,122.09,189,100,152,10,10,50,50,1,3,9,9,86,5,4
116.374,39.95178,8.85,121.09,121.09,126.5,128.13,1.01,-0.8,121.09,189,100,152,10,10,50,50,1,3,9,9,86,5,4
116.37439,39.95154,8.85,122.25,122.25,126.7,128.28,1.01,-0.8,122.25,189,100,152,10,10,50,50,1,3,9,9,86,5,4
116.37514,39.95102,8.75,127.27,127.27,126.86,128.33,1.01,-0.8,127.27,188,100,151,10,10,50,50,1,3,9,9,86,5,4
116.37549,39.95074,8.75,128.97,128.97,126.75,128.15,1.01,-0.8,128.97,188,100,150,10,10,50,50,1,3,9,9,86,5,4
116.37563,39.95063,0,129.34,129.34,126.77,128.14,1.01,-0.8,129.34,188,100,150,10,10,50,50,1,3,9,9,86,5,4
116.37591,39.9504,8.75,129.56,129.56,126.65,127.96,1.01,-0.8,129.56,188,100,150,10,10,50,50,1,3,9,9,86,5,4
116.37661,39.94984,8.75,127.65,127.65,126.48,127.65,1.01,-0.8,127.65,188,100,150,10,10,50,50,1,3,9,9,86,5,4
116.37661,39.94984,8.75,127.65,127.65,126.48,127.65,1.01,-0.8,127.65,188,100,150,10,10,50,50,1,3,9,9,86,5,4
116.37733,39.94929,8.74,128.42,128.42,126.33,127.37,1.01,-0.8,128.42,187,100,150,10,10,50,50,1,3,9,9,86,5,4
116.37767,39.949,8.75,130.44,130.44,126.07,127.04,1.01,-0.8,130.44,187,100,149,10,10,50,50,1,3,9,9,87,5,4
116.37832,39.94838,8.7,137.5,137.5,125.01,125.81,1.01,-0.8,137.5,187,100,147,10,10,50,50,1,3,9,9,86,5,4
116.37861,39.94804,8.66,140.58,140.58,123.9,124.61,1.01,-0.8,140.58,187,100,146,10,10,50,50,1,3,9,9,86,5,4
116.37915,39.94733,8.66,143.51,143.51,120.61,121.12,1.01,-0.8,143.51,187,100,144,10,10,50,50,1,3,9,9,86,5,4
116.37942,39.94697,8.66,143.34,143.34,118.4,118.8,1.01,-0.8,143.34,187,100,143,10,10,50,50,1,3,9,9,86,5,4
116.37969,39.94662,8.65,142.1,142.1,115.93,116.23,1.01,-0.8,142.1,187,100,142,10,10,50,50,1,3,9,9,86,5,4
116.37997,39.94627,8.66,139.79,139.79,112.93,113.14,1.01,-0.8,139.79,186,100,142,10,10,50,50,1,3,9,9,86,5,4
116.38056,39.94562,8.55,136.9,136.9,105.94,105.98,1.01,-0.8,136.9,186,100,141,10,10,50,50,1,3,9,9,87,5,4
116.38086,39.9453,8.56,137.06,137.06,101.06,101.02,1.01,-0.8,137.06,186,100,139,10,10,50,50,1,3,9,9,86,5,4
116.38145,39.94464,8.55,138.76,138.76,-179.07,-179.86,1.01,-0.8,138.76,186,100,160,10,10,50,50,1,4,9,9,86,5,4
116.38174,39.94431,8.55,139.13,139.13,-177.36,-178,1.01,-0.8,139.13,186,100,161,10,10,50,50,1,4,9,9,86,5,4
116.38232,39.94365,8.56,137.63,137.63,-173.59,-173.94,1.01,-0.8,137.63,186,100,163,10,10,50,50,1,4,9,9,87,5,4
116.38232,39.94365,8.56,137.63,137.63,-173.59,-173.94,1.01,-0.8,137.63,186,100,163,10,10,50,50,1,4,9,9,86,5,4
116.38291,39.943,8.45,139.23,139.23,-169.13,-169.19,1.01,-0.8,139.23,185,100,164,10,10,50,50,1,4,9,9,86,5,4
116.38319,39.94266,8.45,141.61,141.61,-166.86,-166.78,1.01,-0.8,141.61,185,100,165,10,10,50,50,1,4,9,9,86,5,4
116.38368,39.94195,8.45,149.53,149.53,-162.15,-161.81,1.01,-0.8,149.53,185,100,165,10,10,50,50,1,4,9,9,86,5,4
116.38388,39.94156,8.45,154.87,154.87,-159.74,-159.29,1.01,-0.8,154.87,185,100,164,10,10,50,50,1,4,9,9,86,5,4
116.38419,39.94075,8.45,163.01,163.01,-154.93,-154.3,1.01,-0.8,163.01,185,100,164,10,10,50,50,1,4,9,9,86,5,4
116.3843,39.94033,8.45,165.49,165.49,-152.51,-151.8,1.01,-0.8,165.49,185,100,164,10,10,50,50,1,4,9,9,87,5,4
116.38441,39.93991,8.45,167.14,167.14,-149.94,-149.17,1.01,-0.8,167.14,184,100,165,10,10,50,50,1,4,9,9,86,5,4
116.3845,39.93948,8.45,168.73,168.73,-147.04,-146.21,1.01,-0.8,168.73,184,100,165,10,10,50,50,1,4,9,9,86,5,4
116.38463,39.93863,8.36,173.48,173.48,-140.78,-139.85,1.01,-0.8,173.48,184,100,166,10,10,50,50,1,4,9,9,86,5,4
116.38467,39.9382,8.34,177.39,177.39,-137.44,-136.48,1.01,-0.8,177.39,184,100,166,10,10,50,50,1,4,9,9,86,5,4
116.38462,39.93734,8.35,188.24,188.24,-130.13,-129.16,1.01,-0.8,188.24,184,100,166,10,10,50,50,1,4,9,9,86,5,4
116.38454,39.93692,8.35,193.51,193.51,-126.32,-125.36,1.01,-0.8,193.51,184,100,166,10,10,50,50,1,4,9,9,86,5,4
116.38428,39.9361,8.35,200.93,200.93,-117.7,-116.81,1.01,-0.8,200.93,184,100,166,10,10,50,50,1,4,9,9,86,5,4
116.38412,39.93571,8.3,203.22,203.22,-112.67,-111.83,1.01,-0.8,203.22,183,100,167,10,10,50,50,1,4,9,9,86,5,4
116.38394,39.93532,8.26,205.39,205.39,-106.64,-105.84,1.01,-0.8,205.39,183,100,169,10,10,50,50,1,4,9,9,86,5,4
116.38375,39.93494,8.26,207.71,207.71,-99.53,-98.79,1.01,-0.8,207.71,183,100,170,10,10,50,50,1,4,9,9,87,5,4
116.38331,39.93421,8.26,215.25,215.25,-83.05,-83.03,1.01,-0.8,215.25,183,100,173,10,10,50,50,1,5,9,9,86,5,4
116.38305,39.93388,8.26,220.57,220.57,-82.21,-82.07,1.01,-0.8,220.57,183,100,173,10,10,50,50,1,5,9,9,87,5,4
116.38242,39.9333,8.26,233.37,233.37,-80.62,-80.27,1.01,-0.8,233.37,183,100,170,10,10,50,50,1,5,9,9,86,5,4
116.38207,39.93307,8.26,238.79,238.79,-79.94,-79.5,1.01,-0.8,238.79,183,100,169,10,10,50,50,1,5,9,9,86,5,4
116.38131,39.93269,8.25,246.53,246.53,-78.68,-78.09,1.01,-0.8,246.53,182,100,168,10,10,50,50,1,5,9,9,86,5,4
116.38092,39.93253,8.15,248.84,248.84,-78.08,-77.42,1.01,-0.8,248.84,182,100,167,10,10,50,50,1,5,9,9,86,5,4
116.38013,39.93224,8.15,251.71,251.71,-77.5,-76.78,1.01,-0.8,251.71,182,100,168,10,10,50,50,1,5,9,9,86,5,4
116.38013,39.93224,8.15,251.71,251.71,-76.91,-76.12,1.01,-0.8,251.71,182,100,167,10,10,50,50,1,5,9,9,86,5,4
116.37932,39.93202,8.15,257.93,257.93,-75.82,-74.94,1.01,-0.8,257.93,182,100,166,10,10,50,50,1,5,9,9,86,5,4
116.37891,39.93195,8.15,262.57,262.57,-75.36,-74.44,1.01,-0.8,262.57,182,100,165,10,10,50,50,1,5,9,9,86,5,4
116.37807,39.93192,8.14,271.42,271.42,-74.66,-73.69,1.01,-0.8,271.42,181,100,163,10,10,50,50,1,5,9,9,86,5,4
116.37766,39.93194,8.05,274.31,274.31,-74.42,-73.44,1.01,-0.8,274.31,181,100,163,10,10,50,50,1,5,9,9,86,5,4
116.37683,39.93203,8.06,277.58,277.58,-73.99,-73.01,1.01,-0.8,277.58,181,100,162,10,10,50,50,1,5,9,9,86,5,4
116.37642,39.93209,8.06,279,279,-73.99,-73.01,1.01,-0.8,279,181,100,162,10,10,50,50,1,5,9,9,86,5,4
116.37601,39.93216,8.05,281.07,281.07,-73.66,-72.68,1.01,-0.8,281.07,181,100,161,10,10,50,50,1,5,9,9,86,5,4
116.37561,39.93225,8.06,284.13,284.13,-73.58,-72.62,1.01,-0.8,284.13,181,100,160,10,10,50,50,1,5,9,9,86,5,4
116.37482,39.9325,8.05,290.98,290.98,-73.63,-72.72,1.01,-0.8,290.98,181,100,159,10,10,50,50,1,5,9,9,86,5,4
116.37444,39.93266,8.06,294.3,294.3,-73.81,-72.94,1.01,-0.8,294.3,180,100,158,10,10,50,50,1,5,9,9,86,5,4
116.3737,39.93304,8.01,298.23,298.23,-74.4,-73.62,1.01,-0.8,298.23,180,100,156,10,10,50,50,1,5,9,9,86,5,4
116.37334,39.93323,7.96,298.68,298.68,-74.72,-73.99,1.01,-0.8,298.68,180,100,156,10,10,50,50,1,5,9,9,86,5,4
116.37262,39.93363,7.96,299.14,299.14,-75.52,-74.9,1.01,-0.8,299.14,180,100,155,10,10,50,50,1,5,9,9,86,5,4
116.37226,39.93383,7.96,300.78,300.78,-75.95,-75.37,1.01,-0.8,300.78,180,100,155,10,10,50,50,1,5,9,9,86,5,4
116.37192,39.93405,7.96,303.42,303.42,-76.49,-75.98,1.01,-0.8,303.42,180,100,154,10,10,50,50,1,5,9,9,86,5,4
116.37158,39.93428,7.96,306.49,306.49,-77.13,-76.68,1.01,-0.8,306.49,180,100,152,10,10,50,50,1,5,9,9,86,5,4
116.37094,39.93479,7.95,309.77,309.77,-78.79,-78.48,1.01,-0.8,309.77,179,100,151,10,10,50,50,1,5,9,9,86,5,4
116.37063,39.93505,7.86,309.92,309.92,-79.71,-79.47,1.01,-0.8,309.92,179,100,150,10,10,50,50,1,5,9,9,86,5,4
116.37,39.93557,7.85,309.06,309.06,-81.74,-81.64,1.01,-0.8,309.06,179,100,150,10,10,50,50,1,5,9,9,86,5,4
116.36969,39.93582,7.85,309.89,309.89,-82.81,-82.78,1.01,-0.8,309.89,179,100,149,10,10,50,50,1,5,9,9,86,5,4
116.36909,39.93636,7.86,314.21,314.21,-85.35,-85.47,1.01,-0.8,314.21,179,100,146,10,10,50,50,1,5,9,9,86,5,4
116.36881,39.93665,7.85,315.93,315.93,-86.88,-87.09,1.01,-0.8,315.93,179,100,145,10,10,50,50,1,5,9,9,86,5,4
116.36853,39.93694,7.85,316.67,316.67,-88.5,-88.79,1.01,-0.8,316.67,178,100,144,10,10,50,50,1,5,9,9,86,5,4
116.36825,39.93724,7.86,316.42,316.42,-90.29,-90.65,1.01,-0.8,316.42,178,100,143,10,10,50,50,1,5,9,9,86,5,4
116.36768,39.93781,7.75,313,313,-93.99,-94.52,1.01,-0.8,313,178,100,143,10,10,50,50,1,5,9,9,86,5,4
116.36738,39.93807,7.76,309.85,309.85,-95.86,-96.46,1.01,-0.8,309.85,178,100,143,10,10,50,50,1,5,9,9,86,5,4
116.36674,39.93855,7.76,304.32,304.32,-99.72,-100.46,1.01,-0.8,304.32,178,100,143,10,10,50,50,1,5,9,9,86,5,4
116.36641,39.93877,7.76,303.01,303.01,-101.75,-102.55,1.01,-0.8,303.01,178,100,142,10,10,50,50,1,5,9,9,86,5,4
116.36574,39.9392,7.76,303.3,303.3,-106.19,-107.11,1.01,-0.8,303.3,178,100,141,10,10,50,50,1,5,9,9,86,5,4
116.3654,39.93942,7.76,304.88,304.88,-108.72,-109.7,1.01,-0.8,304.88,177,100,139,10,10,50,50,1,5,9,9,86,5,4
116.36508,39.93965,7.76,306.18,306.18,-111.45,-112.51,1.01,-0.8,306.18,177,100,137,10,10,50,50,1,5,9,9,86,5,4
116.36477,39.93989,7.66,306.51,306.51,-114.44,-115.58,1.01,-0.8,306.51,177,100,136,10,10,50,50,1,5,9,9,86,5,4
116.36413,39.94035,7.65,304.31,304.31,-120.79,-122.1,1.01,-0.8,304.31,177,100,134,10,10,50,50,1,5,9,9,86,5,4
116.3638,39.94056,7.65,301.77,301.77,-124.1,-125.48,1.01,-0.8,301.77,177,100,134,10,10,50,50,1,5,9,9,86,5,4
116.3631,39.94093,7.65,294.69,294.69,-131.23,-132.77,1.01,-0.8,294.69,177,100,133,10,10,50,50,1,5,9,9,86,5,4
116.36274,39.94109,7.65,292.06,292.06,-134.92,-136.52,1.01,-0.8,292.06,177,100,132,10,10,50,50,1,5,9,9,86,5,4
116.362,39.94136,7.65,289.64,289.64,-142.76,-144.49,1.01,-0.8,289.64,176,100,130,10,10,50,50,1,5,9,9,86,5,4
116.36163,39.94149,7.56,288.65,288.65,-146.92,-148.71,1.01,-0.8,288.65,176,100,128,10,10,50,50,1,5,9,9,86,5,4
116.36126,39.94161,7.56,286.71,286.71,-151.16,-153,1.01,-0.8,286.71,176,100,127,10,10,50,50,1,5,9,9,86,5,4
116.36089,39.94171,7.56,283.83,283.83,-155.46,-157.35,1.01,-0.8,283.83,176,100,126,10,10,50,50,1,5,9,9,86,5,4
116.36012,39.94184,7.56,275.36,275.36,-164.39,-166.35,1.01,-0.8,275.36,176,100,125,10,10,50,50,1,5,9,9,86,5,4
116.35973,39.94186,7.56,270.64,270.64,-99.63,-101.14,1.01,-0.8,270.64,176,100,144,10,10,50,50,1,6,9,9,86,5,4
116.35896,39.94181,7.56,262.32,262.32,-99.81,-101.3,1.01,-0.8,262.32,175,100,146,10,10,50,50,1,6,9,9,86,5,4
116.35857,39.94174,7.51,259.54,259.54,-99.8,-101.27,1.01,-0.8,259.54,175,100,147,10,10,50,50,1,6,9,9,86,5,4
116.35782,39.94158,7.45,256.83,256.83,-99.74,-101.15,1.01,-0.8,256.83,175,100,148,10,10,50,50,1,6,9,9,86,5,4
116.35745,39.94149,7.46,256.88,256.88,-99.68,-101.06,1.01,-0.8,256.88,175,100,148,10,10,50,50,1,6,9,9,86,5,4
116.35707,39.94141,7.46,257.86,257.86,-99.64,-100.99,1.01,-0.8,257.86,175,100,148,10,10,50,50,1,6,9,9,86,5,4
116.3567,39.94134,7.46,259.77,259.77,-99.62,-100.95,1.01,-0.8,259.77,175,100,147,10,10,50,50,1,6,9,9,86,5,4
116.35594,39.94124,7.46,264.69,264.69,-99.69,-100.98,1.01,-0.8,264.69,175,100,146,10,10,50,50,1,6,9,9,86,5,4
116.35555,39.94121,7.4,265.95,265.95,-99.79,-101.07,1.01,-0.8,265.95,174,100,145,10,10,50,50,1,6,9,9,86,5,4
116.3548,39.94115,7.35,265.68,265.68,-99.98,-101.23,1.01,-0.8,265.68,174,100,145,10,10,50,50,1,6,9,9,86,5,4
116.35442,39.94112,7.36,264.16,264.16,-100.07,-101.32,1.01,-0.8,264.16,174,100,146,10,10,50,50,1,6,9,9,86,5,4
116.35367,39.94102,7.35,260.57,260.57,-100.17,-101.39,1.01,-0.8,260.57,174,100,147,10,10,50,50,1,6,9,9,86,5,4
116.35367,39.94102,7.35,260.57,260.57,-100.17,-101.39,1.01,-0.8,260.57,174,100,147,10,10,50,50,1,6,9,9,86,5,4
116.35292,39.94089,7.36,260.48,260.48,-100.19,-101.36,1.01,-0.8,260.48,174,100,147,10,10,50,50,1,6,9,9,86,5,4
116.35255,39.94083,7.36,261.81,261.81,-100.2,-101.35,1.01,-0.8,261.81,174,100,146,10,10,50,50,1,6,9,9,86,5,4
116.3518,39.94074,7.35,263.74,263.74,-100.35,-101.46,1.01,-0.8,263.74,173,100,146,10,10,50,50,1,6,9,9,86,5,4
116.35142,39.9407,7.25,263.34,263.34,-100.44,-101.54,1.01,-0.8,263.34,173,100,146,10,10,50,50,1,6,9,9,86,5,4
116.35069,39.94059,7.26,260.4,260.4,-100.52,-101.58,1.01,-0.8,260.4,173,100,146,10,10,50,50,1,6,9,9,86,5,4
116.35032,39.94052,7.25,258.79,258.79,-100.52,-101.56,1.01,-0.8,258.79,173,100,147,10,10,50,50,1,6,9,9,86,5,4
116.34995,39.94045,7.25,257.84,257.84,-100.51,-101.52,1.01,-0.8,257.84,173,100,147,10,10,50,50,1,6,9,9,86,5,4
116.34995,39.94045,7.25,257.84,257.84,-100.51,-101.52,1.01,-0.8,257.84,173,100,147,10,10,50,50,1,6,9,9,86,5,4
116.34886,39.94022,7.26,260.42,260.42,-100.41,-101.35,1.01,-0.8,260.42,172,100,146,10,10,50,50,1,6,9,9,87,5,4
116.34849,39.94017,7.17,262.44,262.44,-100.47,-101.4,1.01,-0.8,262.44,172,100,146,10,10,50,50,1,6,9,9,86,5,4
116.34812,39.94012,7.16,263.56,263.56,-100.55,-101.46,1.01,-0.8,263.56,172,100,146,10,10,50,50,1,6,9,9,86,5,4
116.34776,39.94008,7.16,263.78,263.78,-100.64,-101.53,1.01,-0.8,263.78,172,100,145,10,10,50,50,1,6,9,9,86,5,4
116.34702,39.93999,7.16,261.54,261.54,-100.87,-101.73,1.01,-0.8,261.54,172,100,146,10,10,50,50,1,6,9,9,87,5,4
116.34666,39.93993,7.16,259.08,259.08,-100.91,-101.75,1.01,-0.8,259.08,172,100,147,10,10,50,50,1,6,9,9,86,5,4
116.3463,39.93985,7.15,256.71,256.71,-100.85,-101.66,1.01,-0.8,256.71,172,100,147,10,10,50,50,1,6,9,9,86,5,4
116.34523,39.93957,7.17,254.96,254.96,-100.51,-101.22,1.01,-0.8,254.96,171,100,148,10,10,50,50,1,6,9,9,86,5,4
116.34488,39.93948,7.1,255.9,255.9,-100.36,-101.04,1.01,-0.8,255.9,171,100,148,10,10,50,50,1,6,9,9,86,5,4
116.34417,39.9393,7.05,255.46,255.46,-100.08,-100.7,1.01,-0.8,255.46,171,100,148,10,10,50,50,1,6,9,9,86,5,4
116.34382,39.9392,7.05,253.92,253.92,-99.88,-100.47,1.01,-0.8,253.92,171,100,149,10,10,50,50,1,6,9,9,86,5,4
116.34313,39.93898,7.06,250.58,250.58,-99.27,-99.79,1.01,-0.8,250.58,171,100,150,10,10,50,50,1,6,9,9,86,5,4
116.34279,39.93886,7.05,250.18,250.18,-98.86,-99.34,1.01,-0.8,250.18,171,100,150,10,10,50,50,1,6,9,9,86,5,4
116.3421,39.93862,7.05,252.03,252.03,-98.34,-98.77,1.01,-0.8,252.03,170,100,150,10,10,50,50,1,6,9,9,86,5,4
116.34176,39.93851,6.96,254.26,254.26,-97.96,-98.36,1.01,-0.8,254.26,170,100,150,10,10,50,50,1,6,9,9,86,5,4
116.34141,39.93843,6.96,257.24,257.24,-97.24,-97.57,1.01,-0.8,257.24,170,100,149,10,10,50,50,1,6,9,9,87,5,4
116.34106,39.93836,6.96,259.72,259.72,-97.02,-97.33,1.01,-0.8,259.72,170,100,148,10,10,50,50,1,6,9,9,86,5,4
116.34035,39.93825,6.96,262.07,262.07,-96.83,-97.1,1.01,-0.8,262.07,170,100,148,10,10,50,50,1,6,9,9,86,5,4
116.34,39.9382,6.96,261.94,261.94,-96.78,-97.03,1.01,-0.8,261.94,170,100,148,10,10,50,50,1,6,9,9,86,5,4
116.33929,39.93808,6.96,259.43,259.43,-96.37,-96.58,1.01,-0.8,259.43,170,100,149,10,10,50,50,1,6,9,9,86,5,4
116.33894,39.93802,6.96,258.69,258.69,-96.1,-96.29,1.01,-0.8,258.69,169,100,149,10,10,50,50,1,6,9,9,87,5,4
116.33859,39.93795,6.96,258.83,258.83,-95.71,-95.88,1.01,-0.8,258.83,169,100,149,10,10,50,50,1,6,9,9,87,5,4
116.33824,39.93788,6.85,259.82,259.82,-95.28,-95.42,1.01,-0.8,259.82,169,100,149,10,10,50,50,1,6,9,9,86,5,4
116.33754,39.93778,6.85,263.42,263.42,-94.69,-94.79,1.01,-0.8,263.42,169,100,148,10,10,50,50,1,6,9,9,86,5,4
116.33719,39.93774,6.86,264.32,264.32,-94.52,-94.61,1.01,-0.8,264.32,169,100,148,10,10,50,50,1,6,9,9,86,5,4
116.33649,39.93767,6.86,263.55,263.55,-94.24,-94.31,1.01,-0.8,263.55,169,100,148,10,10,50,50,1,6,9,9,86,5,4
116.33614,39.93763,6.86,262.44,262.44,-93.73,-93.78,1.01,-0.8,262.44,169,100,149,10,10,50,50,1,6,9,9,86,5,4
116.33544,39.93752,6.75,260.88,260.88,-91.21,-91.23,1.01,-0.8,260.88,168,100,150,10,10,50,50,1,6,9,9,87,5,4
116.3351,39.93747,6.75,261.26,261.26,-88.93,-88.93,1.01,-0.8,261.26,168,100,150,10,10,50,50,1,6,9,9,86,5,4
116.33441,39.93738,6.76,264.56,264.56,-75.96,-75.93,1.01,-0.8,264.56,168,100,153,10,10,50,50,1,6,9,9,86,5,4
116.33441,39.93738,6.76,264.56,264.56,-75.96,-75.93,1.01,-0.8,264.56,168,100,153,10,10,50,50,1,6,9,9,86,5,4
116.33372,39.93734,6.76,268.35,268.35,1.04,6.04,1.01,-0.8,268.35,168,100,176,10,10,50,50,1,0,9,9,86,5,4
116.33337,39.93734,6.76,269.91,269.91,2.09,7.09,1.01,-0.8,269.91,168,100,176,10,10,50,50,1,0,9,9,87,5,4
116.33267,39.93737,6.75,275.58,275.58,4.15,9.15,1.01,-0.8,275.58,167,100,176,10,10,50,50,1,0,9,9,86,5,4
116.33233,39.93741,6.75,279.68,279.68,5.16,10.16,1.01,-0.8,279.68,167,100,176,10,10,50,50,1,0,9,9,86,5,4
116.33199,39.93749,6.65,284.57,284.57,6.19,11.19,1.01,-0.8,284.57,167,100,176,10,10,50,50,1,0,9,9,86,5,4
116.33135,39.93773,6.65,295.96,295.96,8.13,13.13,1.01,-0.8,295.96,167,100,174,10,10,50,50,1,0,9,9,86,5,4
116.33105,39.93789,6.65,301,301,9.13,14.13,1.01,-0.8,301,167,100,173,10,10,50,50,1,0,9,9,86,5,4
116.33076,39.93808,6.66,305.2,305.2,10.08,15.08,1.01,-0.8,305.2,167,100,173,10,10,50,50,1,0,9,9,86,5,4
116.33023,39.93851,6.65,311.29,311.29,11.93,16.93,1.01,-0.8,311.29,167,100,172,10,10,50,50,1,0,9,9,86,5,4
116.32998,39.93874,6.65,313.95,313.95,12.82,17.82,1.01,-0.8,313.95,166,100,172,10,10,50,50,1,0,9,9,86,5,4
116.32952,39.93924,6.56,320.49,320.49,14.57,19.57,1.01,-0.8,320.49,166,100,172,10,10,50,50,1,0,9,9,86,5,4
116.32931,39.93951,6.56,324.66,324.66,15.46,20.46,1.01,-0.8,324.66,166,100,189,80,10,50,50,1,0,9,9,86,5,4
116.32897,39.94008,6.56,-322.25,-322.25,17.04,22.04,1.01,-0.8,-322.25,166,100,189,85,10,50,50,1,0,9,9,87,5,4
116.32897,39.94008,6.56,-322.25,-322.25,17.04,22.04,1.01,-0.8,-322.25,166,100,189,85,10,50,50,1,0,9,9,87,5,4
116.32872,39.94071,6.56,-311.62,-311.62,18.47,23.47,1.01,-0.8,-311.62,166,100,189,85,10,50,50,1,0,9,9,86,5,4
116.32864,39.94104,6.56,-305.88,-305.88,19.1,24.1,1.01,-0.8,-305.88,166,100,189,85,10,50,50,1,0,9,9,86,5,4
116.32859,39.94171,6.56,0.96,0.96,20.07,25.07,1.01,-0.8,0.96,165,100,189,85,10,50,50,1,0,9,9,86,5,4
116.32861,39.94205,6.46,6.69,6.69,20.4,25.4,1.01,-0.8,6.69,165,100,189,85,10,50,50,1,0,9,9,86,5,4
116.32876,39.9427,6.46,17.99,17.99,20.73,25.73,1.01,-0.8,17.99,165,100,176,85,10,50,50,1,0,9,9,86,5,4
116.32888,39.94301,6.45,23.64,23.64,20.7,25.7,1.01,-0.8,23.64,165,100,163,85,10,50,50,1,0,9,9,86,5,4
116.3292,39.94358,6.46,34.58,34.58,20.33,25.33,1.01,-0.8,34.58,165,100,136,85,10,50,50,1,0,9,9,86,5,4
116.3292,39.94358,6.46,34.58,34.58,20.33,25.33,1.01,-0.8,34.58,165,100,136,85,10,50,50,1,0,9,9,86,5,4
116.32962,39.9441,6.46,42.74,42.74,19.4,24.4,1.01,-0.8,42.74,164,100,114,85,10,50,50,1,0,9,9,86,5,4
116.32962,39.9441,6.46,42.74,42.74,19.4,24.4,1.01,-0.8,42.74,164,100,114,85,10,50,50,1,0,9,9,86,5,4
116.33034,39.94478,6.36,48.88,48.88,17.37,22.15,1.01,-0.8,48.88,164,100,111,85,17,50,50,1,0,9,9,86,5,4
116.33059,39.94499,6.36,49.32,49.32,16.51,21.16,1.01,-0.8,49.32,164,100,111,85,15,50,50,1,0,9,9,86,5,4
116.33108,39.94542,6.36,47.8,47.8,14.86,19.27,1.01,-0.8,47.8,164,100,111,85,10,50,50,1,0,9,9,86,5,4
116.33132,39.94565,6.36,45.85,45.85,13.96,18.25,1.01,-0.8,45.85,164,100,111,85,10,50,50,1,0,9,9,86,5,4
116.33176,39.94613,6.36,39.57,39.57,12.34,16.36,1.01,-0.8,39.57,164,100,111,85,10,50,50,1,0,9,9,86,5,4
116.33176,39.94613,6.36,39.57,39.57,12.34,16.36,1.01,-0.8,39.57,163,100,111,85,10,50,50,1,0,9,9,86,5,4
116.33213,39.94666,6.26,30.22,30.22,10.89,14.65,1.01,-0.8,30.22,163,100,119,85,10,50,50,1,0,9,9,87,5,4
116.33228,39.94694,6.26,24.74,24.74,10.35,13.98,1.01,-0.8,24.74,163,100,130,85,10,50,50,1,0,9,9,86,5,4
116.33249,39.94755,6.26,14.3,14.3,9.78,13.17,1.01,-0.8,14.3,163,100,153,85,10,50,50,1,0,9,9,86,5,4
116.33256,39.94787,6.26,10.11,10.11,9.69,12.96,1.01,-0.8,10.11,163,100,162,85,10,50,50,1,0,9,9,86,5,4
116.33263,39.94851,6.26,4.08,4.08,9.97,13.02,1.01,-0.8,4.08,163,100,177,85,10,50,50,1,0,9,9,86,5,4
116.33265,39.94883,6.25,2.24,2.24,10.27,13.21,1.01,-0.8,2.24,163,100,181,85,10,50,50,1,0,9,9,86,5,4
116.33266,39.94915,6.26,1.19,1.19,10.6,13.42,1.01,-0.8,1.19,162,100,184,85,10,50,50,1,0,9,9,87,5,4
116.33266,39.94947,6.22,0.91,0.91,11.05,13.77,1.01,-0.8,0.91,162,100,186,85,10,50,50,1,0,9,9,87,5,4
116.33268,39.95011,6.16,2.69,2.69,11.87,14.37,1.01,-0.8,2.69,162,100,183,85,10,50,50,1,0,9,9,86,5,4
116.3327,39.95042,6.15,4.73,4.73,12.31,14.71,1.01,-0.8,4.73,162,100,179,85,10,50,50,1,0,9,9,86,5,4
116.33279,39.95105,6.16,11.12,11.12,12.71,15.96,1.01,-0.8,11.12,162,100,167,85,10,50,50,1,0,9,9,86,5,4
116.33279,39.95105,6.16,11.12,11.12,12.71,15.96,1.01,-0.8,11.12,162,100,167,85,10,50,50,1,0,9,9,86,5,4
116.33306,39.95196,6.16,20.23,20.23,11.94,14.65,1.01,-0.8,20.23,161,100,143,85,10,50,50,1,0,9,9,86,5,4
116.33317,39.95225,6.06,21.72,21.72,11.52,14.05,1.01,-0.8,21.72,161,100,138,85,10,50,50,1,0,9,9,86,5,4
116.33329,39.95254,6.06,22.44,22.44,10.69,14.59,1.01,-0.8,22.44,161,100,137,85,10,50,50,1,0,9,9,87,5,4
116.33341,39.95283,6.06,22.4,22.4,9.72,13.32,1.01,-0.8,22.4,161,100,134,85,20,50,50,1,0,9,9,86,5,4
116.33364,39.95341,6.06,20.05,20.05,7.47,10.46,1.01,-0.8,20.05,161,100,133,85,20,50,50,1,0,9,9,86,5,4
116.33374,39.95371,6.06,17.74,17.74,6.42,9.11,1.01,-0.8,17.74,161,100,135,85,20,50,50,1,0,9,9,86,5,4
116.33389,39.95431,6.05,11.16,11.16,4.18,6.27,1.01,-0.8,11.16,161,100,144,85,20,50,50,1,0,9,9,86,5,4
116.33394,39.95462,6.06,8.31,8.31,3.68,5.5,1.01,-0.8,8.31,160,100,149,85,20,50,50,1,0,9,9,86,5,4
116.33401,39.95523,5.96,4.91,4.91,2.59,3.86,1.01,-0.8,4.91,160,100,153,85,20,50,50,1,0,9,9,86,5,4
116.33403,39.95554,5.96,4.35,4.35,1.95,2.96,1.01,-0.8,4.35,160,100,152,85,20,50,50,1,0,9,9,86,5,4
116.33406,39.95585,5.97,4.54,4.54,0.87,1.61,1.01,-0.8,4.54,160,100,148,85,20,50,50,1,0,9,9,86,5,4
116.33409,39.95615,5.96,5.47,5.47,-1.32,-0.85,1.01,-0.8,5.47,160,100,140,85,20,50,50,1,0,9,9,86,5,4
116.33415,39.95676,5.96,6.44,6.44,89.32,89.33,1.01,-0.8,6.44,160,100,189,85,20,50,50,1,1,9,9,86,5,4
116.33418,39.95707,5.96,5.81,5.81,90.02,90.28,1.01,-0.8,5.81,160,100,189,85,20,50,50,1,1,9,9,86,5,4
116.33423,39.95768,5.86,3.48,3.48,91.4,92.14,1.01,-0.8,3.48,159,100,189,85,20,50,50,1,1,9,9,86,5,4
116.33425,39.95798,5.86,3.22,3.22,92.08,93.06,1.01,-0.8,3.22,159,100,189,85,20,50,50,1,1,9,9,86,5,4
116.33427,39.95828,5.87,3.7,3.7,92.76,93.99,1.01,-0.8,3.7,159,100,189,85,20,50,50,1,1,9,9,86,5,4
116.33432,39.95888,5.86,6.85,6.85,94.13,95.84,1.01,-0.8,6.85,159,100,189,85,20,50,50,1,1,9,9,86,5,4
116.33442,39.95947,5.86,12.94,12.94,94.81,96.75,1.01,-0.8,12.94,159,100,189,85,20,50,50,1,1,9,9,86,5,4
116.3345,39.95976,5.86,17.08,17.08,95.48,97.65,1.01,-0.8,17.08,159,100,189,85,20,50,50,1,1,9,9,86,5,4
116.3346,39.96005,5.86,21.95,21.95,96.83,99.48,1.01,-0.8,21.95,158,100,189,85,20,50,50,1,1,9,9,86,5,4
116.33473,39.96032,5.86,27.08,27.08,97.49,100.35,1.01,-0.8,27.08,158,100,189,85,20,50,50,1,1,9,9,86,5,4
116.33505,39.96082,5.76,37.2,37.2,98.73,102,1.01,-0.8,37.2,158,100,189,85,20,50,50,1,1,9,9,86,5,4
116.33524,39.96105,5.76,42.24,42.24,99.33,102.78,1.01,-0.8,42.24,158,100,189,85,20,50,50,1,1,9,9,86,5,4
116.33568,39.96145,5.76,52.33,52.33,100.43,104.21,1.01,-0.8,52.33,158,100,189,85,20,50,50,1,1,9,9,86,5,4
116.33592,39.96162,5.77,57.38,57.38,100.93,104.85,1.01,-0.8,57.38,158,100,189,85,20,50,50,1,1,9,9,86,5,4
116.33636,39.96186,0,65.95,65.95,101.41,105.45,1.01,-0.8,65.95,158,100,189,85,20,50,50,1,1,9,9,86,5,4
116.33636,39.96186,0,65.95,65.95,101.7,105.82,1.01,-0.8,65.95,157,100,189,85,20,50,50,1,1,9,9,86,5,4
116.33636,39.96186,0,65.95,65.95,101.7,105.82,1.01,-0.8,65.95,157,100,189,85,20,50,50,1,1,9,9,86,5,4
116.3365,39.96191,5.66,68.43,68.43,101.9,106.06,1.01,-0.8,68.43,157,100,189,85,20,50,50,1,1,9,9,86,5,4
116.33706,39.96208,5.66,78.35,78.35,102.59,106.88,1.01,-0.8,78.35,157,100,189,85,20,50,50,1,1,9,9,86,5,4
116.33735,39.96212,5.66,83.31,83.31,102.85,107.18,1.01,-0.8,83.31,157,100,189,85,20,50,50,1,1,9,9,86,5,4
116.33793,39.96214,5.67,93.23,93.23,103.24,107.58,1.01,-0.8,93.23,157,100,189,85,20,50,50,1,1,9,9,86,5,4
116.33822,39.96211,5.66,98.19,98.19,103.33,107.65,1.01,-0.8,98.19,157,100,189,85,20,50,50,1,1,9,9,86,5,4
116.33878,39.96197,5.56,108.04,108.04,103.33,107.53,1.01,-0.8,108.04,156,100,174,85,20,50,50,1,1,9,9,86,5,4
116.33905,39.96187,5.56,112.76,112.76,103.22,107.33,1.01,-0.8,112.76,156,100,163,85,20,50,50,1,1,9,9,86,5,4
116.33931,39.96175,5.56,116.83,116.83,103.06,107.07,1.01,-0.8,116.83,156,100,152,85,20,50,50,1,1,9,9,86,5,4
116.33956,39.96161,5.56,120.2,120.2,102.83,106.73,1.01,-0.8,120.2,156,100,144,85,20,50,50,1,1,9,9,86,5,4
116.34004,39.9613,5.56,124.86,124.86,102.28,105.91,1.01,-0.8,124.86,156,100,130,85,20,50,50,1,1,9,9,86,5,4
116.34027,39.96114,5.56,126.15,126.15,101.96,105.45,1.01,-0.8,126.15,156,100,126,85,20,50,50,1,1,9,9,86,5,4
116.34073,39.9608,5.56,126.63,126.63,101.25,104.47,1.01,-0.8,126.63,155,100,122,85,20,50,50,1,1,9,9,86,5,4
116.34096,39.96063,5.52,125.83,125.83,100.88,103.95,1.01,-0.8,125.83,155,100,122,85,20,50,50,1,1,9,9,86,5,4
116.34143,39.96031,5.46,122.21,122.21,100.19,102.99,1.01,-0.8,122.21,155,100,128,85,20,50,50,1,1,9,9,86,5,4
116.34167,39.96017,5.46,119.37,119.37,99.89,102.57,1.01,-0.8,119.37,155,100,134,85,20,50,50,1,1,9,9,86,5,4
116.34192,39.96004,5.46,115.85,115.85,99.61,102.19,1.01,-0.8,115.85,155,100,141,85,20,50,50,1,1,9,9,86,5,4
116.34218,39.95992,5.46,111.65,111.65,99.36,101.83,1.01,-0.8,111.65,155,100,150,85,20,50,50,1,1,9,9,86,5,4
116.34271,39.95976,5.46,102.37,102.37,99.12,101.46,1.01,-0.8,102.37,155,100,171,85,20,50,50,1,1,9,9,86,5,4
116.34299,39.95971,5.47,98.51,98.51,99.09,101.39,1.01,-0.8,98.51,154,100,180,85,20,50,50,1,1,9,9,86,5,4
116.34354,39.95966,5.36,92.91,92.91,99.23,101.48,1.01,-0.8,92.91,154,100,189,85,20,50,50,1,1,9,9,86,5,4
116.34382,39.95965,5.36,91.13,91.13,99.36,101.6,1.01,-0.8,91.13,154,100,189,85,20,50,50,1,1,9,9,86,5,4
116.34437,39.95965,5.36,89.59,89.59,99.69,101.93,1.01,-0.8,89.59,154,100,189,85,20,50,50,1,1,9,9,86,5,4
116.34437,39.95965,5.36,89.59,89.59,99.69,101.93,1.01,-0.8,89.59,154,100,189,85,20,50,50,1,1,9,9,86,5,4
116.34492,39.95965,5.36,90.73,90.73,100.06,102.29,1.01,-0.8,90.73,154,100,189,85,20,50,50,1,1,9,9,86,5,4
116.3452,39.95964,5.36,92.31,92.31,100.2,102.43,1.01,-0.8,92.31,154,100,189,85,20,50,50,1,1,9,9,86,5,4
116.34575,39.9596,5.36,97.47,97.47,100.44,102.62,1.01,-0.8,97.47,153,100,186,85,20,50,50,1,1,9,9,86,5,4
116.34602,39.95955,5.26,101.03,101.03,100.46,102.6,1.01,-0.8,101.03,153,100,178,85,20,50,50,1,1,9,9,87,5,4
116.34654,39.95941,5.26,109.46,109.46,100.27,102.29,1.01,-0.8,109.46,153,100,157,85,20,50,50,1,1,9,9,86,5,4
116.34679,39.95931,5.26,113.05,113.05,100,101.94,1.01,-0.8,113.05,153,100,148,85,20,50,50,1,1,9,9,86,5,4
116.34704,39.9592,5.26,115.98,115.98,99.74,101.59,1.01,-0.8,115.98,153,100,140,85,20,50,50,1,1,9,9,86,5,4
116.34728,39.95907,5.26,118.25,118.25,99.32,101.06,1.01,-0.8,118.25,153,100,133,85,20,50,50,1,1,9,9,86,5,4
116.34775,39.9588,5.26,120.82,120.82,98.42,99.94,1.01,-0.8,120.82,152,100,124,85,20,50,50,1,1,9,9,86,5,4
116.34798,39.95866,5.26,121.12,121.12,97.89,99.29,1.01,-0.8,121.12,152,100,121,85,20,50,50,1,1,9,9,86,5,4
116.34821,39.95853,5.16,120.76,120.76,97.4,98.69,1.01,-0.8,120.76,152,100,120,85,20,50,50,1,1,9,9,86,5,4
116.34844,39.95839,5.17,119.76,119.76,96.84,98.02,1.01,-0.8,119.76,152,100,121,85,20,50,50,1,1,9,9,86,5,4
116.34891,39.95814,5.16,115.82,115.82,95.81,96.78,1.01,-0.8,115.82,152,100,127,85,20,50,50,1,1,9,9,86,5,4
116.34915,39.95803,5.16,112.88,112.88,95.35,96.23,1.01,-0.8,112.88,152,100,132,85,20,50,50,1,1,9,9,86,5,4
116.34965,39.95786,5.16,106.62,106.62,94.63,95.37,1.01,-0.8,106.62,152,100,145,85,20,50,50,1,1,9,9,87,5,4
116.34965,39.95786,5.16,106.62,106.62,94.63,95.37,1.01,-0.8,106.62,152,100,145,85,20,50,50,1,1,9,9,86,5,4
116.35017,39.95773,5.16,102.81,102.81,94.09,94.72,1.01,-0.8,102.81,151,100,152,85,20,50,50,1,1,9,9,86,5,4
116.35043,39.95767,5.16,101.87,101.87,93.82,94.4,1.01,-0.8,101.87,151,100,153,85,20,50,50,1,1,9,9,86,5,4
116.35068,39.95752,5.06,101.93,101.93,92.96,93.41,1.01,-0.8,101.93,151,100,151,85,20,50,50,1,1,9,9,86,5,4
116.35119,39.95751,5.06,102.91,102.91,93.1,93.54,1.01,-0.8,102.91,151,100,149,85,20,50,50,1,1,9,9,86,5,4
116.3517,39.95738,5.06,105.63,105.63,92.32,92.65,1.01,-0.8,105.63,151,100,140,85,20,50,50,1,1,9,9,86,5,4
116.35195,39.95731,5.06,106.16,106.16,91.89,92.16,1.01,-0.8,106.16,151,100,137,85,20,50,50,1,1,9,9,86,5,4
116.35245,39.95716,5.01,105.34,105.34,90.8,90.95,1.01,-0.8,105.34,150,100,136,85,20,50,50,1,1,9,9,86,5,4
116.35245,39.95716,5.01,105.34,105.34,90.8,90.95,1.01,-0.8,105.34,150,100,136,85,20,50,50,1,1,9,9,86,5,4
116.35295,39.95704,4.96,102.05,102.05,89.82,89.87,1.01,-0.8,102.05,150,100,141,85,20,50,50,1,1,9,9,86,5,4
116.3532,39.95699,4.96,99.83,99.83,89.34,89.35,1.01,-0.8,99.83,150,100,145,85,20,50,50,1,1,9,9,86,5,4
116.3537,39.95692,4.96,97.16,97.16,88.62,88.56,1.01,-0.8,97.16,150,100,149,85,20,50,50,1,1,9,9,86,5,4
116.35396,39.95689,4.96,96.75,96.75,88.24,88.16,1.01,-0.8,96.75,150,100,149,85,20,50,50,1,1,9,9,86,5,4
116.35446,39.95683,4.96,97.81,97.81,87.36,87.23,1.01,-0.8,97.81,150,100,144,85,20,50,50,1,1,9,9,86,5,4
116.35472,39.95679,4.96,98.71,98.71,86.77,86.61,1.01,-0.8,98.71,150,100,140,85,20,50,50,1,1,9,9,86,5,4
116.35497,39.95675,4.95,98.99,98.99,86.07,85.87,1.01,-0.8,98.99,150,100,137,85,26,50,50,1,1,9,9,86,5,4
116.35522,39.95671,4.96,98.65,98.65,85.35,85.12,1.01,-0.8,98.65,150,100,136,85,26,50,50,1,1,9,9,86,5,4
116.35573,39.95664,4.96,96.1,96.1,83.61,83.31,1.01,-0.8,96.1,150,100,138,85,26,50,50,1,1,9,9,86,5,4
116.35598,39.95662,4.96,93.9,93.9,82.9,82.58,1.01,-0.8,93.9,150,100,141,85,26,50,50,1,1,9,9,86,5,4
116.35649,39.95661,4.96,89.53,89.53,81.5,81.17,1.01,-0.8,89.53,150,100,148,85,26,50,50,1,1,9,9,86,5,4
116.35675,39.95661,4.96,88.26,88.26,80.72,80.38,1.01,-0.8,88.26,150,100,149,85,26,50,50,1,1,9,9,86,5,4
116.35726,39.95663,4.96,87.58,87.58,79.19,78.86,1.01,-0.8,87.58,150,100,147,85,26,50,50,1,1,9,9,86,5,4
116.35751,39.95664,4.96,88.17,88.17,78.01,77.69,1.01,-0.8,88.17,150,100,142,85,26,50,50,1,1,9,9,86,5,4
116.35777,39.95665,4.96,88.7,88.7,76.7,76.39,1.01,-0.8,88.7,150,100,138,85,26,50,50,1,1,9,9,86,5,4
116.35802,39.95666,4.96,88.6,88.6,74.97,74.66,1.01,-0.8,88.6,150,100,134,85,26,50,50,1,1,9,9,86,5,4
116.35853,39.95668,4.96,86.56,86.56,68.92,68.61,1.01,-0.8,86.56,150,100,124,85,26,50,50,1,1,9,9,86,5,4
116.35879,39.9567,4.96,84.6,84.6,63.43,63.13,1.01,-0.8,84.6,150,100,115,85,26,50,50,1,1,9,9,86,5,4
116.35929,39.95677,4.96,78.83,78.83,36.97,36.7,1.01,-0.8,78.83,150,100,111,85,26,50,50,1,1,9,9,86,5,4
116.35954,39.95683,4.96,75.02,75.02,90.47,90.29,1.01,-0.8,75.02,150,100,189,85,26,50,50,1,2,9,9,86,5,4
116.36002,39.957,4.96,67.11,67.11,90.92,90.88,1.01,-0.8,67.11,150,100,189,85,26,50,50,1,2,9,9,86,5,4
116.36026,39.9571,4.96,64.04,64.04,91.18,91.23,1.01,-0.8,64.04,150,100,189,85,26,50,50,1,2,9,9,86,5,4
116.3607,39.95735,4.96,59.76,59.76,91.51,91.65,1.01,-0.8,59.76,150,100,189,85,26,50,50,1,2,9,9,86,5,4
116.36092,39.95748,4.95,58.55,58.55,91.87,92.12,1.01,-0.8,58.55,150,100,189,85,26,50,50,1,2,9,9,86,5,4
116.36114,39.95761,4.96,57.96,57.96,92.61,93.07,1.01,-0.8,57.96,150,100,189,85,26,50,50,1,2,9,9,86,5,4
116.36136,39.95775,4.96,57.99,57.99,93,93.58,1.01,-0.8,57.99,150,100,189,85,26,50,50,1,2,9,9,86,5,4
116.36179,39.95801,4.95,59.92,59.92,93.79,94.58,1.01,-0.8,59.92,150,100,189,85,26,50,50,1,2,9,9,86,5,4
116.36202,39.95814,4.96,61.81,61.81,94.2,95.1,1.01,-0.8,61.81,150,100,189,85,26,50,50,1,2,9,9,86,5,4
116.36248,39.95836,4.95,67.46,67.46,94.91,95.99,1.01,-0.8,67.46,150,100,189,80,26,50,50,1,2,9,9,86,5,4
116.36272,39.95844,4.95,71.21,71.21,95.21,96.36,1.01,-0.8,71.21,150,100,189,80,26,50,50,1,2,9,9,86,5,4
116.36321,39.95857,4.96,79.83,79.83,95.5,96.72,1.01,-0.8,79.83,150,100,189,75,26,50,50,1,2,9,9,86,5,4
116.36346,39.95861,4.95,84.17,84.17,95.72,96.97,1.01,-0.8,84.17,150,100,189,65,26,50,50,1,2,9,9,87,5,4
116.36372,39.95862,4.96,88.52,88.52,96.02,97.33,1.01,-0.8,88.52,150,100,184,49,26,50,50,1,2,9,9,86,5,4
116.36397,39.95862,4.95,92.86,92.86,96.1,97.42,1.01,-0.8,92.86,150,100,178,49,26,50,50,1,2,9,9,86,5,4
116.36448,39.95855,4.96,100.49,100.49,96.06,97.33,1.01,-0.8,100.49,150,100,168,49,26,50,50,1,2,9,9,86,5,4
116.36473,39.9585,4.96,103.37,103.37,95.98,97.21,1.01,-0.8,103.37,150,100,164,49,26,50,50,1,2,9,9,86,5,4
116.36522,39.95836,4.96,107.28,107.28,95.69,96.81,1.01,-0.8,107.28,150,100,157,49,26,50,50,1,2,9,9,86,5,4
116.36546,39.95828,4.95,108.3,108.3,95.51,96.57,1.01,-0.8,108.3,150,100,156,49,26,50,50,1,2,9,9,86,5,4
116.36595,39.95812,4.96,108.49,108.49,95.12,96.06,1.01,-0.8,108.49,150,100,154,49,26,50,50,1,2,9,9,86,5,4
116.36619,39.95804,4.96,107.91,107.91,94.91,95.79,1.01,-0.8,107.91,150,100,155,49,26,50,50,1,2,9,9,86,5,4
116.36643,39.95796,4.95,107.88,107.88,94.71,95.53,1.01,-0.8,107.88,150,100,154,49,26,50,50,1,2,9,9,86,5,4
116.36668,39.95788,4.96,108.47,108.47,94.48,95.24,1.01,-0.8,108.47,150,100,152,49,26,50,50,1,2,9,9,87,5,4
116.36716,39.95771,4.95,111.16,111.16,94,94.63,1.01,-0.8,111.16,150,100,148,49,26,50,50,1,2,9,9,86,5,4
116.36739,39.95762,4.96,112.06,112.06,93.71,94.27,1.01,-0.8,112.06,150,100,146,49,26,50,50,1,2,9,9,86,5,4
116.36787,39.95742,4.96,112,112,93.06,93.47,1.01,-0.8,112,150,100,144,49,26,50,50,1,2,9,9,86,5,4
116.3681,39.95733,4.96,111.04,111.04,92.74,93.08,1.01,-0.8,111.04,150,100,145,49,26,50,50,1,2,9,9,86,5,4
116.36859,39.95716,4.96,107.27,107.27,92.15,92.36,1.01,-0.8,107.27,150,100,148,49,26,50,50,1,2,9,9,86,5,4
116.36883,39.95709,4.95,105.25,105.25,91.89,92.05,1.01,-0.8,105.25,150,100,150,49,26,50,50,1,2,9,9,86,5,4
116.36908,39.95703,4.96,103.86,103.86,91.67,91.79,1.01,-0.8,103.86,150,100,152,49,26,50,50,1,2,9,9,87,5,4
116.36933,39.95697,4.96,103.08,103.08,91.44,91.51,1.01,-0.8,103.08,150,100,152,49,26,50,50,1,2,9,9,86,5,4
116.36982,39.95685,4.95,103.39,103.39,90.95,90.94,1.01,-0.8,103.39,150,100,151,49,26,50,50,1,2,9,9,86,5,4
116.37007,39.95679,4.97,104.35,104.35,90.7,90.65,1.01,-0.8,104.35,150,100,149,49,26,50,50,1,2,9,9,86,5,4
116.37057,39.95666,4.95,104.79,104.79,90.11,89.95,1.01,-0.8,104.79,150,100,147,49,26,50,50,1,2,9,9,86,5,4
116.37081,39.9566,4.96,104.07,104.07,89.81,89.61,1.01,-0.8,104.07,150,100,147,49,26,50,50,1,2,9,9,86,5,4
116.37131,39.95648,4.95,101.47,101.47,89.17,88.88,1.01,-0.8,101.47,150,100,149,49,26,50,50,1,2,9,9,86,5,4
116.37131,39.95648,4.95,101.47,101.47,89.17,88.88,1.01,-0.8,101.47,150,100,149,49,26,50,50,1,2,9,9,86,5,4
116.37181,39.95639,4.96,100.78,100.78,88.67,88.32,1.01,-0.8,100.78,150,100,149,49,26,50,50,1,2,9,9,86,5,4
116.37206,39.95634,4.96,101.37,101.37,88.36,87.97,1.01,-0.8,101.37,150,100,147,49,26,50,50,1,2,9,9,86,5,4
116.37231,39.95629,4.95,102.17,102.17,88.05,87.63,1.01,-0.8,102.17,150,100,145,49,26,50,50,1,2,9,9,87,5,4
116.37281,39.95617,4.95,103.22,103.22,87.23,86.71,1.01,-0.8,103.22,150,100,142,49,26,50,50,1,2,9,9,86,5,4
116.37331,39.95606,4.96,101.92,101.92,86.37,85.77,1.01,-0.8,101.92,150,100,143,49,26,50,50,1,2,9,9,86,5,4
116.37356,39.95601,4.96,100.34,100.34,85.97,85.33,1.01,-0.8,100.34,150,100,144,49,26,50,50,1,2,9,9,86,5,4
116.37381,39.95597,4.96,98.48,98.48,85.6,84.94,1.01,-0.8,98.48,150,100,145,49,26,50,50,1,2,9,9,86,5,4
116.37406,39.95594,4.96,97.21,97.21,85.26,84.58,1.01,-0.8,97.21,150,100,146,49,26,50,50,1,2,9,9,87,5,4
116.37457,39.95588,4.96,96.53,96.53,84.52,83.8,1.01,-0.8,96.53,150,100,146,49,26,50,50,1,2,9,9,86,5,4
116.37483,39.95585,4.96,96.89,96.89,84.11,83.36,1.01,-0.8,96.89,150,100,145,49,26,50,50,1,2,9,9,86,5,4
116.37533,39.95578,4.96,97.36,97.36,83.15,82.36,1.01,-0.8,97.36,150,100,142,49,26,50,50,1,2,9,9,86,5,4
