116.31162,39.85497,9.96,146.26,146.26,0,0,1.01,-0.8,146.26,200,100,111,1,0,50,50,0,0,252,252,9,3,4
116.31193,39.85457,9.95,137.56,137.56,0,0,1.01,-0.8,137.56,200,100,111,1,0,50,50,0,0,252,252,9,3,4
116.31231,39.85423,9.92,128.87,128.87,0,0,1.01,-0.8,128.87,200,100,111,1,0,50,50,0,0,252,252,9,3,4
116.31273,39.85394,9.93,120.17,120.17,0,0,1.01,-0.8,120.17,200,100,111,1,0,50,50,0,0,252,252,9,3,4
116.31368,39.85357,9.96,102.78,102.78,0,0,1.01,-0.8,102.78,200,100,111,1,0,50,50,0,0,252,252,9,3,4
116.31419,39.8535,9.9,94.08,94.08,0,0,1.01,-0.8,94.08,200,100,111,1,0,50,50,0,0,252,252,9,3,4
116.3152,39.85359,9.94,76.7,76.7,0,0,1.01,-0.8,76.7,200,100,111,1,0,50,50,0,0,252,252,9,3,4
116.31569,39.85375,9.96,67.99,67.99,0,0,1.01,-0.8,67.99,200,100,111,1,0,50,50,0,0,252,252,9,3,4
116.31656,39.85428,9.93,50.61,50.61,0,0,1.01,-0.8,50.61,200,100,111,1,0,50,50,0,0,252,252,9,3,4
116.31693,39.85463,9.93,41.91,41.91,0,0,1.01,-0.8,41.91,200,100,111,1,0,50,50,0,0,252,252,9,3,4
116.31723,39.85504,9.95,33.21,33.21,0,0,1.01,-0.8,33.21,200,100,111,1,0,50,50,0,0,252,252,9,3,4
116.31748,39.85549,9.95,24.52,24.52,0,0,1.01,-0.8,24.52,200,100,111,1,0,50,50,0,0,252,252,9,3,4
116.31775,39.85647,9.91,7.14,7.14,0,0,1.01,-0.8,7.14,200,100,111,1,0,50,50,0,0,252,252,9,3,4
116.31777,39.85698,9.96,-296.93,-296.93,0,0,1.01,-0.8,-296.93,200,100,111,1,0,50,50,0,0,252,252,9,3,4
116.31758,39.85798,9.94,-314.32,-314.32,0,0,1.01,-0.8,-314.32,200,100,111,1,0,50,50,0,0,252,252,9,3,4
116.31737,39.85845,9.93,-323.02,-323.02,0,0,1.01,-0.8,-323.02,200,100,111,1,0,50,50,0,0,252,252,9,3,4
116.31676,39.85927,9.96,314.95,314.95,0,0,1.01,-0.8,314.95,200,100,111,1,0,50,50,0,0,252,252,9,3,4
116.31641,39.85957,0,307.12,307.12,0,0,1.01,-0.8,307.12,200,100,111,1,0,50,50,0,0,252,252,9,3,4
116.31641,39.85957,0,307.12,307.12,0,0,1.01,-0.8,307.12,200,100,111,1,0,50,50,0,0,252,252,9,3,4
116.31641,39.85957,0,307.12,307.12,0,0,1.01,-0.8,307.12,200,100,111,1,0,50,50,0,0,252,252,9,3,4
116.31612,39.85976,9.9,301.04,301.04,0,0,1.01,-0.8,301.04,200,100,111,1,0,50,50,0,0,252,252,9,3,4
116.31566,39.85999,9.92,292.35,292.35,0,0,1.01,-0.8,292.35,200,100,111,1,0,50,50,0,0,252,252,9,3,4
116.31467,39.86022,9.93,274.97,274.97,0,0,1.01,-0.8,274.97,200,100,111,1,0,50,50,0,0,252,252,9,3,4
116.31416,39.86022,9.93,266.28,266.28,0,0,1.01,-0.8,266.28,200,100,111,1,0,50,50,0,0,252,252,9,3,4
116.31317,39.86,9.91,248.89,248.89,0,0,1.01,-0.8,248.89,200,100,111,1,0,50,50,0,0,252,252,9,3,4
116.31271,39.85977,9.94,240.19,240.19,0,0,1.01,-0.8,240.19,200,100,111,1,0,50,50,0,0,252,252,9,3,4
116.31108,39.85629,9.96,170.63,170.63,0,0,1.01,-0.8,170.63,200,100,111,1,0,50,50,1,0,252,252,9,3,4
116.31141,39.85532,9.95,153.24,153.24,0,0,1.01,-0.8,153.24,200,100,111,1,0,50,50,1,0,252,252,9,3,4
116.31167,39.85489,9.91,144.55,144.55,0,0,1.01,-0.8,144.55,200,100,111,1,0,50,50,1,0,252,252,9,3,4
116.312,39.8545,9.94,135.85,135.85,0,0,1.01,-0.8,135.85,200,100,111,1,0,50,50,1,0,252,252,9,3,4
116.31239,39.85416,9.96,127.16,127.16,0,0,1.01,-0.8,127.16,200,100,111,1,0,50,50,1,0,252,252,9,3,4
116.31329,39.85369,9.94,109.78,109.78,0,0,1.01,-0.8,109.78,200,100,111,1,0,50,50,1,0,252,252,9,3,4
116.31378,39.85355,9.91,101.08,101.08,0,0,1.01,-0.8,101.08,200,100,111,1,0,50,50,1,0,252,252,9,3,4
116.31429,39.8535,9.96,83.67,83.67,0,0,1.01,-0.8,83.67,200,100,111,1,0,50,50,1,0,252,252,9,3,4
116.3153,39.85362,9.96,74.97,74.97,0,0,1.01,-0.8,74.97,200,100,111,1,0,50,50,1,0,252,252,9,3,4
116.31623,39.85403,9.93,57.57,57.57,0,0,1.01,-0.8,57.57,200,100,111,1,0,50,50,1,0,252,252,9,3,4
116.31664,39.85434,9.91,48.88,48.88,0,0,1.01,-0.8,48.88,200,100,111,1,0,50,50,1,0,252,252,9,3,4
116.31699,39.85471,9.92,40.18,40.18,-113.35,-113.35,1.01,-0.8,40.18,199,100,111,10,10,50,50,1,0,252,252,9,5,4
116.31729,39.85513,9.82,31.51,31.51,-117.71,-117.71,1.01,-0.8,31.51,198,100,111,10,10,50,50,1,0,252,252,9,5,4
116.31767,39.85605,9.61,14.37,14.37,-126.18,-126.18,1.01,-0.8,14.37,196,100,111,10,10,50,50,1,0,252,252,9,5,4
116.31776,39.85654,9.67,5.92,5.92,-130.44,-130.44,1.01,-0.8,5.92,195,100,111,10,10,50,50,1,0,252,252,9,5,4
116.31771,39.85751,9.44,-306.03,-306.03,-138.68,-138.68,1.01,-0.8,-306.03,193,100,111,10,10,50,50,1,0,252,252,9,5,4
116.31758,39.85798,9.22,-314.19,-314.19,-142.88,-142.88,1.01,-0.8,-314.19,192,100,111,10,10,50,50,1,0,252,252,9,5,4
116.31715,39.85882,8.94,325.03,325.03,-150.87,-150.87,1.01,-0.8,325.03,190,100,111,10,10,50,50,1,0,252,252,9,5,4
116.31686,39.85917,8.95,317.19,317.19,-154.83,-154.83,1.01,-0.8,317.19,189,100,111,10,10,50,50,1,0,252,252,9,5,4
116.31652,39.85948,8.74,309.41,309.41,-158.66,-158.66,1.01,-0.8,309.41,187,100,111,10,10,50,50,1,0,252,252,9,5,4
116.31652,39.85948,8.74,309.41,309.41,-158.66,-158.66,1.01,-0.8,309.41,186,100,111,10,10,50,50,1,0,252,252,9,5,4
116.31535,39.8601,8.53,286.69,286.69,-170.01,-170.01,1.01,-0.8,286.69,184,100,112,10,10,50,50,1,0,252,252,9,5,4
116.31492,39.8602,8.37,279.89,279.89,-173.71,-173.71,1.01,-0.8,279.89,183,100,112,10,10,50,50,1,0,252,252,9,5,4
116.31408,39.86025,8.16,268.49,268.49,179.07,179.07,1.01,-0.8,268.49,181,100,112,10,10,50,50,1,0,252,252,9,5,4
116.31408,39.86025,8.16,268.49,268.49,179.07,179.07,1.01,-0.8,268.49,180,100,112,10,10,50,50,1,0,252,252,9,5,4
116.31325,39.86013,8.11,254.69,254.69,171.9,171.9,1.01,-0.8,254.69,178,100,113,10,10,50,50,1,0,252,252,9,5,4
116.31285,39.85999,7.92,247.81,247.81,168.34,168.34,1.01,-0.8,247.81,177,100,113,10,10,50,50,1,0,252,252,9,5,4
116.31215,39.85962,7.57,237.05,237.05,161.59,161.59,1.01,-0.8,237.05,175,100,114,10,10,50,50,1,0,252,252,9,5,4
116.31184,39.85939,7.56,231.23,231.23,158.24,158.24,1.01,-0.8,231.23,174,100,114,10,10,50,50,1,0,252,252,9,5,4
116.3113,39.85885,7.38,219.84,219.84,151.67,151.67,1.01,-0.8,219.84,172,100,114,10,10,50,50,1,0,252,252,9,5,4
116.31107,39.85855,7.19,214.96,214.96,148.34,148.34,1.01,-0.8,214.96,171,100,114,10,10,50,50,1,0,252,252,9,5,4
116.31072,39.85791,6.94,203.58,203.58,141.79,141.79,1.01,-0.8,203.58,169,100,115,10,10,50,50,1,0,252,252,9,5,4
116.31059,39.85758,6.93,198.83,198.83,138.61,138.61,1.01,-0.8,198.83,168,100,115,10,10,50,50,1,0,252,252,9,5,4
116.31049,39.85724,6.95,194.94,194.94,135.36,135.36,1.01,-0.8,194.94,166,100,115,10,10,50,50,1,0,252,252,9,5,4
116.31041,39.8569,6.7,190.95,190.95,131.92,131.92,1.01,-0.8,190.95,165,100,115,10,10,50,50,1,0,252,252,9,5,4
116.31034,39.85623,6.4,180.71,180.71,125.31,125.31,1.01,-0.8,180.71,163,100,115,10,10,50,50,1,0,252,252,9,5,4
116.31036,39.85589,6.5,175.11,175.11,121.96,121.96,1.01,-0.8,175.11,162,100,115,10,10,50,50,1,0,252,252,9,5,4
116.31046,39.85527,6.08,166.25,166.25,115.37,115.37,1.01,-0.8,166.25,160,100,115,10,10,50,50,1,0,252,252,9,5,4
116.31055,39.85497,5.94,161.71,161.71,111.93,111.93,1.01,-0.8,161.71,159,100,115,10,10,50,50,1,0,252,252,9,5,4
116.31079,39.85442,5.7,152.32,152.32,105.11,105.11,1.01,-0.8,152.32,157,100,116,10,10,50,50,1,0,252,252,9,5,4
116.31093,39.85416,5.78,148.69,148.69,101.41,101.41,1.01,-0.8,148.69,156,100,115,10,10,50,50,1,0,252,252,9,5,4
116.31109,39.85392,5.54,145.05,145.05,97.71,97.71,1.01,-0.8,145.05,154,100,115,10,10,50,50,1,0,252,252,9,5,4
116.31127,39.85369,5.55,140.77,140.77,93.76,93.76,1.01,-0.8,140.77,153,100,115,10,10,50,50,1,0,252,252,9,5,4
116.31165,39.8533,5.24,131.49,131.49,90.27,90.27,1.01,-0.8,131.49,151,100,116,10,10,50,50,1,1,252,252,9,5,4
116.31185,39.85313,5.1,127.42,127.42,90.19,90.19,1.01,-0.8,127.42,150,100,117,10,10,50,50,1,1,252,252,9,5,4
116.31228,39.85285,4.89,120.4,120.4,90.04,90.04,1.01,-0.8,120.4,148,100,118,10,10,50,50,1,1,252,252,9,5,4
116.31243,39.85276,0,117.55,117.55,89.99,89.99,1.01,-0.8,117.55,147,100,119,10,10,50,50,1,1,252,252,9,5,4
116.31256,39.8527,4.69,115.22,115.22,89.96,89.96,1.01,-0.8,115.22,145,100,119,10,10,50,50,1,1,252,252,9,5,4
116.31256,39.8527,4.69,115.22,115.22,89.96,89.96,1.01,-0.8,115.22,144,100,119,10,10,50,50,1,1,252,252,9,5,4
116.31301,39.85252,4.62,108.92,108.92,89.87,89.87,1.01,-0.8,108.92,142,100,120,10,10,50,50,1,1,252,252,9,5,4
116.31322,39.85246,4.24,106.33,106.33,89.84,89.84,1.01,-0.8,106.33,141,100,121,10,10,50,50,1,1,252,252,9,5,4
116.31363,39.85235,4.09,101.36,101.36,89.78,89.78,1.01,-0.8,101.36,139,100,122,10,10,50,50,1,1,252,252,9,5,4
116.31383,39.85232,3.89,98.99,98.99,89.76,89.76,1.01,-0.8,98.99,138,100,123,10,10,50,50,1,1,252,252,9,5,4
116.31422,39.85227,3.68,94.96,94.96,89.73,89.73,1.01,-0.8,94.96,136,100,124,10,10,50,50,1,1,252,252,9,5,4
116.3144,39.85226,3.57,93.41,93.41,89.73,89.73,1.01,-0.8,93.41,135,100,124,10,10,50,50,1,1,252,252,9,5,4
116.31459,39.85225,3.57,91.46,91.46,89.72,89.72,1.01,-0.8,91.46,133,100,125,10,10,50,50,1,1,252,252,9,5,4
116.31477,39.85225,3.31,89.31,89.31,89.72,89.72,1.01,-0.8,89.31,132,100,125,10,10,50,50,1,1,252,252,9,5,4
116.31494,39.85226,3.23,87.65,87.65,89.73,89.73,1.01,-0.8,87.65,131,100,126,10,10,50,50,1,1,252,252,9,5,4
116.3151,39.85227,3.08,86.05,86.05,89.73,89.73,1.01,-0.8,86.05,130,100,126,10,10,50,50,1,1,252,252,9,5,4
116.31541,39.8523,2.99,82.55,82.55,89.75,89.75,1.01,-0.8,82.55,128,100,127,10,10,50,50,1,1,252,252,9,5,4
116.31556,39.85232,2.75,81.22,81.22,89.76,89.76,1.01,-0.8,81.22,127,100,128,10,10,50,50,1,1,252,252,9,5,4
116.31583,39.85237,2.57,78.78,78.78,89.78,89.78,1.01,-0.8,78.78,125,100,129,10,10,50,50,1,1,252,252,9,5,4
116.31596,39.85239,2.59,77.62,77.62,89.78,89.78,1.01,-0.8,77.62,124,100,129,10,10,50,50,1,1,252,252,9,5,4
116.31609,39.85242,2.59,76.46,76.46,89.81,89.81,1.01,-0.8,76.46,122,100,129,10,10,50,50,1,1,252,252,9,5,4
116.31621,39.85246,2.17,75.35,75.35,89.83,89.83,1.01,-0.8,75.35,121,100,130,10,10,50,50,1,1,252,252,9,5,4
116.31642,39.85251,1.97,73.59,73.59,89.86,89.86,1.01,-0.8,73.59,120,100,131,10,10,50,50,1,1,252,252,9,5,4
116.31652,39.85254,1.97,73.06,73.06,89.87,89.87,1.01,-0.8,73.06,120,100,131,10,10,50,50,1,1,252,252,9,5,4
116.31671,39.8526,1.97,71.48,71.48,89.91,89.91,1.01,-0.8,71.48,120,100,131,10,10,50,50,1,1,252,252,9,5,4
116.3168,39.85264,1.95,70.6,70.6,89.93,89.93,1.01,-0.8,70.6,120,100,132,10,10,50,50,1,1,252,252,9,5,4
116.31699,39.85271,1.91,69.4,69.4,89.94,89.94,1.01,-0.8,69.4,120,100,132,10,10,50,50,1,1,252,252,9,5,4
116.31709,39.85274,1.95,69.17,69.17,89.97,89.97,1.01,-0.8,69.17,120,100,132,10,10,50,50,1,1,252,252,9,5,4
116.31718,39.85278,1.99,68.91,68.91,90.01,90.01,1.01,-0.8,68.91,120,100,133,10,10,50,50,1,1,252,252,9,5,4
116.31728,39.85281,1.94,68.41,68.41,90.02,90.02,1.01,-0.8,68.41,120,100,133,10,10,50,50,1,1,252,252,9,5,4
116.31746,39.85289,1.91,66.74,66.74,90.07,90.07,1.01,-0.8,66.74,120,100,134,10,10,50,50,1,1,252,252,9,5,4
116.31756,39.85293,1.95,66.01,66.01,90.09,90.09,1.01,-0.8,66.01,120,100,134,10,10,50,50,1,1,252,252,9,5,4
116.31774,39.85302,1.96,64.97,64.97,90.14,90.14,1.01,-0.8,64.97,120,100,135,10,10,50,50,1,1,252,252,9,5,4
116.31783,39.85306,1.92,64.4,64.4,90.16,90.16,1.01,-0.8,64.4,120,100,135,10,10,50,50,1,1,252,252,9,5,4
116.31801,39.85315,1.92,62.57,62.57,90.21,90.21,1.01,-0.8,62.57,120,100,136,10,10,50,50,1,1,252,252,9,5,4
116.3181,39.8532,1.91,61.5,61.5,90.24,90.24,1.01,-0.8,61.5,120,100,136,10,10,50,50,1,1,252,252,9,5,4
116.31819,39.85325,1.96,60.68,60.68,90.27,90.27,1.01,-0.8,60.68,121,100,137,10,10,50,50,1,1,252,252,9,5,4
116.31828,39.8533,2.09,60.09,60.09,90.29,90.29,1.01,-0.8,60.09,122,100,137,10,10,50,50,1,1,252,252,9,5,4
116.31847,39.85341,2.27,59.31,59.31,90.36,90.36,1.01,-0.8,59.31,124,100,138,10,10,50,50,1,1,252,252,9,5,4
116.31857,39.85347,2.24,58.59,58.59,90.39,90.39,1.01,-0.8,58.59,125,100,138,10,10,50,50,1,1,252,252,9,5,4
116.31878,39.8536,2.46,57.51,57.51,90.46,90.46,1.01,-0.8,57.51,127,100,139,10,10,50,50,1,1,252,252,9,5,4
116.31889,39.85367,2.67,56.89,56.89,90.5,90.5,1.01,-0.8,56.89,128,100,139,10,10,50,50,1,1,252,252,9,5,4
116.31912,39.85383,2.62,54.67,54.67,90.59,90.59,1.01,-0.8,54.67,130,100,140,10,10,50,50,1,1,252,252,9,5,4
116.31924,39.85391,3.05,53.17,53.17,90.64,90.64,1.01,-0.8,53.17,131,100,141,10,10,50,50,1,1,252,252,9,5,4
116.31936,39.85401,3.04,51.88,51.88,90.7,90.7,1.01,-0.8,51.88,133,100,142,10,10,50,50,1,1,252,252,9,5,4
116.31949,39.85411,3.25,50.96,50.96,90.75,90.75,1.01,-0.8,50.96,134,100,142,10,10,50,50,1,1,252,252,9,5,4
116.31975,39.85433,3.49,50.07,50.07,90.88,90.88,1.01,-0.8,50.07,136,100,143,10,10,50,50,1,1,252,252,9,5,4
116.31989,39.85444,3.5,49.72,49.72,90.94,90.94,1.01,-0.8,49.72,137,100,143,10,10,50,50,1,1,252,252,9,5,4
116.32017,39.85469,3.67,49,49,91.09,91.09,1.01,-0.8,49,139,100,144,10,10,50,50,1,1,252,252,9,5,4
116.32032,39.85481,3.81,48.62,48.62,91.16,91.16,1.01,-0.8,48.62,140,100,144,10,10,50,50,1,1,252,252,9,5,4
116.32062,39.85508,3.99,47.84,47.84,91.31,91.31,1.01,-0.8,47.84,142,100,145,10,10,50,50,1,1,252,252,9,5,4
116.32077,39.85523,4.15,47.42,47.42,91.4,91.4,1.01,-0.8,47.42,143,100,145,10,10,50,50,1,1,252,252,9,5,4
116.32093,39.85537,4.41,47.15,47.15,91.48,91.48,1.01,-0.8,47.15,145,100,146,10,10,50,50,1,1,252,252,9,5,4
116.3211,39.85552,4.31,47.4,47.4,91.57,91.57,1.01,-0.8,47.4,146,100,146,10,10,50,50,1,1,252,252,9,5,4
116.32144,39.85584,4.55,47.86,47.86,91.76,91.76,1.01,-0.8,47.86,148,100,146,10,10,50,50,1,1,252,252,9,5,4
116.32162,39.856,4.72,47.46,47.46,91.85,91.85,1.01,-0.8,47.46,149,100,147,10,10,50,50,1,1,252,252,9,5,4
116.3218,39.85616,4.8,46.89,46.89,91.95,91.95,1.01,-0.8,46.89,151,100,148,10,10,50,50,1,1,252,252,9,5,4
116.32217,39.85651,4.97,47.36,47.36,92.16,92.16,1.01,-0.8,47.36,152,100,148,10,10,50,50,1,1,252,252,9,5,4
116.32256,39.85685,5.28,49.21,49.21,92.36,92.36,1.01,-0.8,49.21,154,100,148,10,10,50,50,1,1,252,252,9,5,4
116.32256,39.85685,5.28,49.21,49.21,92.36,92.36,1.01,-0.8,49.21,155,100,148,10,10,50,50,1,1,252,252,9,5,4
116.32297,39.85721,5.45,48.86,48.86,92.58,92.58,1.01,-0.8,48.86,157,100,149,10,10,50,50,1,1,252,252,9,5,4
116.32318,39.8574,5.59,47.75,47.75,92.7,92.7,1.01,-0.8,47.75,158,100,149,10,10,50,50,1,1,252,252,9,5,4
116.32361,39.8578,5.73,46.97,46.97,92.95,92.95,1.01,-0.8,46.97,160,100,150,10,10,50,50,1,1,252,252,9,5,4
116.32383,39.858,5.83,47.67,47.67,93.07,93.07,1.01,-0.8,47.67,161,100,150,10,10,50,50,1,1,252,252,9,5,4
116.3243,39.85841,6.12,49.54,49.54,93.32,93.32,1.01,-0.8,49.54,163,100,150,10,10,50,50,1,1,252,252,9,5,4
116.32454,39.85861,6.13,49.42,49.42,93.45,93.45,1.01,-0.8,49.42,164,100,150,10,10,50,50,1,1,252,252,9,5,4
116.32502,39.85904,6.44,47.56,47.56,93.72,93.72,1.01,-0.8,47.56,166,100,151,10,10,50,50,1,1,252,252,9,5,4
116.32526,39.85926,6.42,47.35,47.35,93.86,93.86,1.01,-0.8,47.35,167,100,152,10,10,50,50,1,1,252,252,9,5,4
116.32551,39.85949,6.69,47.97,47.97,94.01,94.01,1.01,-0.8,47.97,169,100,152,10,10,50,50,1,1,252,252,9,5,4
116.32577,39.85972,6.64,49.41,49.41,94.16,94.16,1.01,-0.8,49.41,170,100,152,10,10,50,50,1,1,252,252,9,5,4
116.32604,39.85994,6.92,51.1,51.1,94.3,94.3,1.01,-0.8,51.1,172,100,152,10,10,50,50,1,1,252,252,9,5,4
116.32661,39.8604,7.21,51.94,51.94,94.6,94.6,1.01,-0.8,51.94,173,100,152,10,10,50,50,1,1,252,252,9,5,4
116.3272,39.86084,7.33,54.96,54.96,94.9,94.9,1.01,-0.8,54.96,175,100,152,10,10,50,50,1,1,252,252,9,5,4
116.32752,39.86105,7.36,55.37,55.37,95.04,95.04,1.01,-0.8,55.37,176,100,152,10,10,50,50,1,1,252,252,9,5,4
116.32815,39.86149,7.58,56.62,56.62,95.34,95.34,1.01,-0.8,56.62,178,100,152,10,10,50,50,1,1,252,252,9,5,4
116.32849,39.8617,7.82,57.99,57.99,95.49,95.49,1.01,-0.8,57.99,179,100,152,10,10,50,50,1,1,252,252,9,5,4
116.32883,39.86191,7.86,58.43,58.43,95.64,95.64,1.01,-0.8,58.43,181,100,152,10,10,50,50,1,1,252,252,9,5,4
116.32918,39.86213,8.08,58.78,58.78,95.79,95.79,1.01,-0.8,58.78,182,100,153,10,10,50,50,1,1,252,252,9,5,4
116.3299,39.86254,8.23,61.42,61.42,96.1,96.1,1.01,-0.8,61.42,184,100,152,10,10,50,50,1,1,252,252,9,5,4
116.33028,39.86274,8.28,61.7,61.7,96.24,96.24,1.01,-0.8,61.7,185,100,152,10,10,50,50,1,1,252,252,9,5,4
116.33105,39.86314,8.43,63.91,63.91,96.55,96.55,1.01,-0.8,63.91,187,100,152,10,10,50,50,1,1,252,252,9,5,4
116.33144,39.86333,8.6,66.48,66.48,96.7,96.7,1.01,-0.8,66.48,188,100,152,10,10,50,50,1,1,252,252,9,5,4
116.33228,39.86366,8.84,69.43,69.43,96.97,96.97,1.01,-0.8,69.43,190,100,151,10,10,50,50,1,1,252,252,9,5,4
116.33228,39.86366,8.84,69.43,69.43,96.97,96.97,1.01,-0.8,69.43,191,100,152,10,10,50,50,1,1,252,252,9,5,4
116.33314,39.86399,9.03,68.44,68.44,97.24,97.24,1.01,-0.8,68.44,193,100,152,10,10,50,50,1,1,252,252,9,5,4
116.33358,39.86416,9.11,68.61,68.61,97.39,97.39,1.01,-0.8,68.61,194,100,152,10,10,50,50,1,1,252,252,9,5,4
116.33447,39.86449,9.32,70.86,70.86,97.68,97.68,1.01,-0.8,70.86,196,100,152,10,10,50,50,1,1,252,252,9,5,4
116.33493,39.86464,9.56,71.71,71.71,97.82,97.82,1.01,-0.8,71.71,197,100,152,10,10,50,50,1,1,252,252,9,5,4
116.33586,39.86496,9.54,69.92,69.92,98.11,98.11,1.01,-0.8,69.92,199,100,153,10,10,50,50,1,1,252,252,9,5,4
116.33632,39.86514,9.58,67.26,67.26,98.27,98.27,1.01,-0.8,67.26,199,100,154,10,10,50,50,1,1,252,252,9,5,4
116.33677,39.86535,9.82,64.88,64.88,98.45,98.45,1.01,-0.8,64.88,199,100,155,10,10,50,50,1,1,252,252,9,5,4
116.33723,39.86557,9.82,63.72,63.72,98.65,98.65,1.01,-0.8,63.72,199,100,155,10,10,50,50,1,1,252,252,9,5,4
116.33814,39.86601,9.88,65.07,65.07,99.04,99.04,1.01,-0.8,65.07,199,100,156,10,10,50,50,1,1,252,252,9,5,4
116.3386,39.86621,9.8,67.59,67.59,99.22,99.22,1.01,-0.8,67.59,199,100,155,10,10,50,50,1,1,252,252,9,5,4
116.33956,39.86654,9.88,73.37,73.37,99.55,99.55,1.01,-0.8,73.37,199,100,154,10,10,50,50,1,1,252,252,9,5,4
116.34005,39.86668,9.82,74.54,74.54,99.7,99.7,1.01,-0.8,74.54,199,100,154,10,10,50,50,1,1,252,252,9,5,4
116.34102,39.86696,9.85,73.26,73.26,100.01,100.01,1.01,-0.8,73.26,199,100,154,10,10,50,50,1,1,252,252,9,5,4
116.34102,39.86696,9.85,73.26,73.26,100.01,100.01,1.01,-0.8,73.26,199,100,155,10,10,50,50,1,1,252,252,9,5,4
116.34141,39.86708,0,72.62,72.62,100.14,100.14,1.01,-0.8,72.62,199,100,155,10,10,50,50,1,1,252,252,9,5,4
116.34141,39.86708,0,72.62,72.62,100.14,100.14,1.01,-0.8,72.62,199,100,155,10,10,50,50,1,1,252,252,9,5,4
116.34219,39.86731,9.88,73.71,73.71,100.4,100.4,1.01,-0.8,73.71,199,100,155,10,10,50,50,1,1,252,252,9,5,4
116.34268,39.86745,9.85,75.92,75.92,100.57,100.57,1.01,-0.8,75.92,199,100,155,10,10,50,50,1,1,252,252,9,5,4
116.34366,39.86767,9.85,78.52,78.52,100.85,100.85,1.01,-0.8,78.52,199,100,155,10,10,50,50,1,1,252,252,9,5,4
116.34416,39.86776,9.87,80.56,80.56,100.98,100.98,1.01,-0.8,80.56,199,100,154,10,10,50,50,1,1,252,252,9,5,4
116.34517,39.86787,9.88,85.73,85.73,101.2,101.2,1.01,-0.8,85.73,199,100,153,10,10,50,50,1,1,252,252,9,5,4
116.34567,39.86791,9.88,86.65,86.65,101.2,101.2,1.01,-0.8,86.65,199,100,153,10,10,50,50,1,1,252,252,9,5,4
116.34618,39.86794,9.81,86.37,86.37,101.4,101.4,1.01,-0.8,86.37,199,100,153,10,10,50,50,1,1,252,252,9,5,4
116.34669,39.86797,9.81,86.43,86.43,101.5,101.5,1.01,-0.8,86.43,199,100,153,10,10,50,50,1,1,252,252,9,5,4
116.3477,39.86801,9.83,88.77,88.77,101.69,101.69,1.01,-0.8,88.77,199,100,153,10,10,50,50,1,1,252,252,9,5,4
116.3482,39.86802,9.82,89.55,89.55,101.77,101.77,1.01,-0.8,89.55,199,100,153,10,10,50,50,1,1,252,252,9,5,4
116.34922,39.86804,9.84,87.46,87.46,101.95,101.95,1.01,-0.8,87.46,199,100,153,10,10,50,50,1,1,252,252,9,5,4
116.34972,39.86807,9.87,84.94,84.94,102.05,102.05,1.01,-0.8,84.94,199,100,154,10,10,50,50,1,1,252,252,9,5,4
116.35073,39.86819,9.86,83.09,83.09,102.31,102.31,1.01,-0.8,83.09,199,100,155,10,10,50,50,1,1,252,252,9,5,4
116.35123,39.86824,9.86,84.01,84.01,102.31,102.31,1.01,-0.8,84.01,199,100,155,10,10,50,50,1,1,252,252,9,5,4
116.35174,39.86829,9.81,86.17,86.17,102.56,102.56,1.01,-0.8,86.17,199,100,154,10,10,50,50,1,1,252,252,9,5,4
116.35224,39.86831,9.82,89.18,89.18,102.67,102.67,1.01,-0.8,89.18,199,100,154,10,10,50,50,1,1,252,252,9,5,4
116.35326,39.86829,9.85,92.01,92.01,102.83,102.83,1.01,-0.8,92.01,199,100,153,10,10,50,50,1,1,252,252,9,5,4
116.35376,39.86827,9.83,91.58,91.58,102.91,102.91,1.01,-0.8,91.58,199,100,153,10,10,50,50,1,1,252,252,9,5,4
116.35477,39.86828,9.81,87.17,87.17,103.1,103.1,1.01,-0.8,87.17,199,100,155,10,10,50,50,1,1,252,252,9,5,4
116.35528,39.86831,9.83,85.14,85.14,103.23,103.23,1.01,-0.8,85.14,199,100,155,10,10,50,50,1,1,252,252,9,5,4
116.35629,39.86841,9.86,84.78,84.78,103.51,103.51,1.01,-0.8,84.78,199,100,156,10,10,50,50,1,1,252,252,9,5,4
116.35679,39.86845,9.84,86.44,86.44,103.64,103.64,1.01,-0.8,86.44,199,100,156,10,10,50,50,1,1,252,252,9,5,4
116.3573,39.86847,9.85,89.08,89.08,103.76,103.76,1.01,-0.8,89.08,199,100,155,10,10,50,50,1,1,252,252,9,5,4
116.35781,39.86846,9.8,90.87,90.87,103.86,103.86,1.01,-0.8,90.87,199,100,155,10,10,50,50,1,1,252,252,9,5,4
116.35882,39.86843,9.82,92.85,92.85,104.05,104.05,1.01,-0.8,92.85,199,100,154,10,10,50,50,1,1,252,252,9,5,4
116.35932,39.8684,9.82,93.84,93.84,104.14,104.14,1.01,-0.8,93.84,199,100,154,10,10,50,50,1,1,252,252,9,5,4
116.36033,39.8683,9.84,97.69,97.69,104.27,104.27,1.01,-0.8,97.69,199,100,153,10,10,50,50,1,1,252,252,9,5,4
116.36083,39.86822,9.88,100.56,100.56,104.31,104.31,1.01,-0.8,100.56,199,100,152,10,10,50,50,1,1,252,252,9,5,4
116.36182,39.86801,9.81,102.65,102.65,104.35,104.35,1.01,-0.8,102.65,199,100,152,10,10,50,50,1,1,252,252,9,5,4
116.36232,39.8679,9.81,101.88,101.88,104.37,104.37,1.01,-0.8,101.88,199,100,152,15,10,50,50,1,1,252,252,9,5,4
116.36281,39.8678,9.82,101.45,101.45,104.39,104.39,1.01,-0.8,101.45,199,100,153,20,10,50,50,1,1,252,252,9,5,4
116.36331,39.8677,9.86,102.23,102.23,104.41,104.41,1.01,-0.8,102.23,199,100,153,20,10,50,50,1,1,252,252,9,5,4
116.3643,39.86746,9.85,104.7,104.7,104.43,104.43,1.01,-0.8,104.7,199,100,151,20,10,50,50,1,1,252,252,9,5,4
116.36478,39.86733,9.85,105.8,105.8,104.42,104.42,1.01,-0.8,105.8,199,100,151,20,10,50,50,1,1,252,252,9,5,4
116.36576,39.86705,9.84,105.07,105.07,104.39,104.39,1.01,-0.8,105.07,199,100,151,20,10,50,50,1,1,252,252,9,5,4
116.36625,39.86692,9.88,105.25,105.25,104.39,104.39,1.01,-0.8,105.25,199,100,151,20,10,50,50,1,1,252,252,9,5,4
116.36722,39.86664,9.87,106.16,106.16,104.36,104.36,1.01,-0.8,106.16,199,100,150,20,10,50,50,1,1,252,252,9,5,4
116.36771,39.8665,9.88,105.39,105.39,104.35,104.35,1.01,-0.8,105.39,199,100,151,20,10,50,50,1,1,252,252,9,5,4
116.3682,39.86637,9.82,105.7,105.7,104.34,104.34,1.01,-0.8,105.7,199,100,151,20,10,50,50,1,1,252,252,9,5,4
116.36869,39.86623,9.82,106.54,106.54,104.33,104.33,1.01,-0.8,106.54,199,100,150,20,10,50,50,1,1,252,252,9,5,4
116.36966,39.86595,9.82,104.84,104.84,104.3,104.3,1.01,-0.8,104.84,199,100,151,20,10,50,50,1,1,252,252,9,5,4
116.37015,39.86582,9.87,104.17,104.17,104.29,104.29,1.01,-0.8,104.17,199,100,151,20,10,50,50,1,1,252,252,9,5,4
116.37113,39.86556,9.82,106.51,106.51,104.28,104.28,1.01,-0.8,106.51,199,100,150,20,10,50,50,1,1,252,252,9,5,4
116.37161,39.8654,9.88,109.15,109.15,104.24,104.24,1.01,-0.8,109.15,199,100,149,20,10,50,50,1,1,252,252,9,5,4
116.37209,39.86523,9.84,110.81,110.81,104.18,104.18,1.01,-0.8,110.81,199,100,148,20,10,50,50,1,1,252,252,9,5,4
116.37256,39.86505,9.82,111.25,111.25,104.12,104.12,1.01,-0.8,111.25,199,100,147,20,10,50,50,1,1,252,252,9,5,4
116.37303,39.86467,9.86,109.11,109.11,103.83,103.83,1.01,-0.8,109.11,199,100,148,20,10,50,50,1,1,252,252,9,5,4
116.37399,39.86453,9.85,108.92,108.92,103.93,103.93,1.01,-0.8,108.92,199,100,148,20,10,50,50,1,1,252,252,9,5,4
116.37447,39.86436,9.86,109.97,109.97,103.88,103.88,1.01,-0.8,109.97,199,100,148,20,10,50,50,1,1,252,252,9,5,4
116.37466,39.86429,0,110.73,110.73,103.85,103.85,1.01,-0.8,110.73,199,100,147,20,10,50,50,1,1,252,252,9,5,4
116.37485,39.86422,9.88,111.44,111.44,103.82,103.82,1.01,-0.8,111.44,199,100,147,20,10,50,50,1,1,252,252,9,5,4
116.37532,39.86403,9.83,112.37,112.37,103.74,103.74,1.01,-0.8,112.37,199,100,146,20,10,50,50,1,1,252,252,9,5,4
116.37626,39.86365,9.87,111.2,111.2,103.56,103.56,1.01,-0.8,111.2,199,100,147,20,10,50,50,1,1,252,252,9,5,4
116.37626,39.86365,9.87,111.2,111.2,103.56,103.56,1.01,-0.8,111.2,199,100,147,20,10,50,50,1,1,252,252,9,5,4
116.3772,39.86329,9.85,110.59,110.59,103.39,103.39,1.01,-0.8,110.59,199,100,147,20,10,50,50,1,1,252,252,9,5,4
116.37768,39.86311,9.87,111.32,111.32,103.31,103.31,1.01,-0.8,111.32,199,100,146,20,10,50,50,1,1,252,252,9,5,4
116.37862,39.86275,9.85,109.67,109.67,103.13,103.13,1.01,-0.8,109.67,199,100,147,20,10,50,50,1,1,252,252,9,5,4
116.3791,39.86259,9.83,109.49,109.49,103.07,103.07,1.01,-0.8,109.49,199,100,147,20,10,50,50,1,1,252,252,9,5,4
116.38006,39.86225,9.82,108.21,108.21,102.92,102.92,1.01,-0.8,108.21,199,100,148,20,10,50,50,1,1,252,252,9,5,4
116.38054,39.8621,9.85,107.53,107.53,102.86,102.86,1.01,-0.8,107.53,199,100,148,20,10,50,50,1,1,252,252,9,5,4
116.38151,39.8618,9.83,106.52,106.52,102.76,102.76,1.01,-0.8,106.52,199,100,148,20,10,50,50,1,1,252,252,9,5,4
116.38151,39.8618,9.83,106.52,106.52,102.76,102.76,1.01,-0.8,106.52,199,100,148,20,10,50,50,1,1,252,252,9,5,4
116.38248,39.86152,9.82,105.41,105.41,102.68,102.68,1.01,-0.8,105.41,199,100,149,20,10,50,50,1,1,252,252,9,5,4
116.38297,39.86138,9.83,106.71,106.71,102.63,102.63,1.01,-0.8,106.71,199,100,148,20,10,50,50,1,1,252,252,9,5,4
116.38393,39.86105,9.84,110.75,110.75,102.46,102.46,1.01,-0.8,110.75,199,100,146,20,10,50,50,1,1,252,252,9,5,4
116.3844,39.86087,9.85,111.18,111.18,102.36,102.36,1.01,-0.8,111.18,199,100,145,20,10,50,50,1,1,252,252,9,5,4
116.38535,39.86052,9.85,109.7,109.7,102.14,102.14,1.01,-0.8,109.7,199,100,146,20,10,50,50,1,1,252,252,9,5,4
116.38583,39.86035,9.83,110.01,110.01,102.04,102.04,1.01,-0.8,110.01,199,100,146,20,10,50,50,1,1,252,252,9,5,4
116.38678,39.86001,9.83,108.56,108.56,101.81,101.81,1.01,-0.8,108.56,199,100,146,20,10,50,50,1,1,252,252,9,5,4
116.38678,39.86001,9.83,108.56,108.56,101.81,101.81,1.01,-0.8,108.56,199,100,146,20,10,50,50,1,1,252,252,9,5,4
116.38774,39.85968,9.81,110.4,110.4,101.61,101.61,1.01,-0.8,110.4,199,100,145,20,10,50,50,1,1,252,252,9,5,4
116.38821,39.85949,9.83,112.48,112.48,101.45,101.45,1.01,-0.8,112.48,199,100,144,20,10,50,50,1,1,252,252,9,5,4
116.38868,39.85929,9.83,113.1,113.1,101.28,101.28,1.01,-0.8,113.1,199,100,143,20,10,50,50,1,1,252,252,9,5,4
116.38961,39.8589,9.82,111.56,111.56,100.92,100.92,1.01,-0.8,111.56,199,100,144,20,10,50,50,1,1,252,252,9,5,4
116.39056,39.85855,9.83,109.47,109.47,100.63,100.63,1.01,-0.8,109.47,199,100,145,20,10,50,50,1,1,252,252,9,5,4
116.39104,39.85839,9.85,108.91,108.91,100.5,100.5,1.01,-0.8,108.91,199,100,145,20,10,50,50,1,1,252,252,9,5,4
116.39201,39.85809,9.81,105.74,105.74,100.27,100.27,1.01,-0.8,105.74,199,100,146,20,10,50,50,1,1,252,252,9,5,4
116.39201,39.85809,9.81,105.74,105.74,100.27,100.27,1.01,-0.8,105.74,199,100,146,20,10,50,50,1,1,252,252,9,5,4
116.39298,39.85781,9.87,106.45,106.45,100.07,100.07,1.01,-0.8,106.45,199,100,146,20,10,50,50,1,1,252,252,9,5,4
116.39347,39.85767,9.86,106.63,106.63,99.97,99.97,1.01,-0.8,106.63,199,100,146,20,10,50,50,1,1,252,252,9,5,4
116.39444,39.85739,9.81,104.6,104.6,99.74,99.74,1.01,-0.8,104.6,199,100,146,20,10,50,50,1,1,252,252,9,5,4
116.39494,39.85727,9.83,103.68,103.68,99.66,99.66,1.01,-0.8,103.68,199,100,147,20,10,50,50,1,1,252,252,9,5,4
116.39592,39.85703,9.83,104.91,104.91,99.5,99.5,1.01,-0.8,104.91,199,100,146,20,10,50,50,1,1,252,252,9,5,4
116.39641,39.85689,9.87,104.97,104.97,99.38,99.38,1.01,-0.8,104.97,199,100,146,20,10,50,50,1,1,252,252,9,5,4
116.39739,39.85665,9.84,103.08,103.08,99.2,99.2,1.01,-0.8,103.08,199,100,147,20,10,50,50,1,1,252,252,9,5,4
116.39739,39.85665,9.84,103.08,103.08,99.2,99.2,1.01,-0.8,103.08,199,100,147,20,10,50,50,1,1,252,252,9,5,4
116.39838,39.85644,9.87,101.12,101.12,99.08,99.08,1.01,-0.8,101.12,199,100,148,20,10,50,50,1,1,252,252,9,5,4
116.39888,39.85634,9.82,100.94,100.94,99.02,99.02,1.01,-0.8,100.94,199,100,148,20,10,50,50,1,1,252,252,9,5,4
116.39987,39.85613,9.84,102.64,102.64,98.88,98.88,1.01,-0.8,102.64,199,100,147,20,10,50,50,1,1,252,252,9,5,4
116.40036,39.85602,9.85,102.12,102.12,98.8,98.8,1.01,-0.8,102.12,199,100,147,20,10,50,50,1,1,252,252,9,5,4
116.40136,39.85583,9.84,100.47,100.47,98.7,98.7,1.01,-0.8,100.47,199,100,148,20,10,50,50,1,1,252,252,9,5,4
116.40186,39.85573,9.85,100.65,100.65,98.63,98.63,1.01,-0.8,100.65,199,100,148,20,10,50,50,1,1,252,252,9,5,4
116.40285,39.85553,9.83,102.13,102.13,98.48,98.48,1.01,-0.8,102.13,199,100,147,20,10,50,50,1,1,252,252,9,5,4
116.40334,39.85543,9.85,101.21,101.21,98.48,98.48,1.01,-0.8,101.21,199,100,147,20,10,50,50,1,1,252,252,9,5,4
116.40384,39.85533,9.88,100.41,100.41,98.32,98.32,1.01,-0.8,100.41,199,100,148,20,10,50,50,1,1,252,252,9,5,4
116.40434,39.85524,9.84,100.84,100.84,98.26,98.26,1.01,-0.8,100.84,199,100,147,20,10,50,50,1,1,252,252,9,5,4
116.40534,39.85505,9.87,100.24,100.24,98.1,98.1,1.01,-0.8,100.24,199,100,148,20,10,50,50,1,1,252,252,9,5,4
116.40583,39.85496,9.84,99.69,99.69,98.03,98.03,1.01,-0.8,99.69,199,100,148,20,10,50,50,1,1,252,252,9,5,4
116.40683,39.85478,9.86,100.65,100.65,97.88,97.88,1.01,-0.8,100.65,199,100,147,20,10,50,50,1,1,252,252,9,5,4
116.40733,39.85469,9.87,99.87,99.87,97.8,97.8,1.01,-0.8,99.87,199,100,148,20,10,50,50,1,1,252,252,9,5,4
116.40773,39.85462,9.83,99.73,99.73,97.75,97.75,1.01,-0.8,99.73,199,100,148,20,10,50,50,1,1,252,252,9,5,4
116.40823,39.85453,9.87,100.65,100.65,97.75,97.75,1.01,-0.8,100.65,199,100,148,20,10,50,50,1,1,252,252,9,5,4
116.40872,39.85443,9.88,101.7,101.7,97.49,97.49,1.01,-0.8,101.7,199,100,146,20,10,50,50,1,1,252,252,9,5,4
116.40922,39.85433,9.82,101.51,101.51,97.33,97.33,1.01,-0.8,101.51,199,100,146,20,10,50,50,1,1,252,252,9,5,4
116.41022,39.85416,9.82,97.97,97.97,97.13,97.13,1.01,-0.8,97.97,199,100,148,20,10,50,50,1,1,252,252,9,5,4
116.41072,39.85409,9.82,96.92,96.92,97.1,97.1,1.01,-0.8,96.92,199,100,149,20,10,50,50,1,1,252,252,9,5,4
116.41556,39.85027,0,181.15,181.15,0,0,1.01,-0.8,181.15,100,100,111,20,10,50,50,0,0,252,252,9,6,4
116.41556,39.85027,0,181.16,181.16,0,0,1.01,-0.8,181.16,100,100,111,20,10,50,50,1,0,252,252,9,6,4
116.41556,39.85027,0.01,181.16,181.16,0,0,1.01,-0.8,181.16,100,100,111,20,10,50,50,1,0,252,252,9,6,4
116.41556,39.85027,0.01,181.16,181.16,0,0,1.01,-0.8,181.16,100,100,111,20,10,50,50,1,0,252,252,9,6,4
116.41556,39.85027,0,181.17,181.17,0,0,1.01,-0.8,181.17,100,100,111,20,10,50,50,1,0,252,252,9,6,4
116.41556,39.85027,0,181.17,181.17,0,0,1.01,-0.8,181.17,100,100,111,20,10,50,50,1,0,252,252,9,6,4
116.41556,39.85027,0,181.17,181.17,0,0,1.01,-0.8,181.17,100,100,111,20,10,50,50,1,0,252,252,9,6,4
116.41556,39.85027,0.02,181.17,181.17,0,0,1.01,-0.8,181.17,100,100,111,20,10,50,50,1,0,252,252,9,6,4
116.41556,39.85027,0,181.16,181.16,0,0,1.01,-0.8,181.16,100,100,111,20,10,50,50,1,0,252,252,9,6,4
116.41556,39.85027,0,181.16,181.16,0,0,1.01,-0.8,181.16,100,100,111,20,10,50,50,1,0,252,252,9,6,4
116.41556,39.85027,0,181.16,181.16,0,0,1.01,-0.8,181.16,100,100,111,20,10,50,50,1,0,252,252,9,6,4
116.41556,39.85027,0.01,181.15,181.15,66.93,66.93,1.01,-0.8,181.15,101,100,111,20,10,50,50,1,1,252,252,9,5,4
116.41556,39.85027,0.08,181.1,181.1,66.93,66.93,1.01,-0.8,181.1,103,100,111,20,10,50,50,1,1,252,252,9,5,4
116.41556,39.85026,0.26,181,181,66.84,66.84,1.01,-0.8,181,104,100,111,20,10,50,50,1,1,252,252,9,5,4
116.41556,39.85023,0.44,180.44,180.44,66.59,66.59,1.01,-0.8,180.44,106,100,111,20,10,50,50,1,1,252,252,9,5,4
116.41556,39.85021,0.45,180.04,180.04,66.42,66.42,1.01,-0.8,180.04,107,100,111,20,10,50,50,1,1,252,252,9,5,4
116.41556,39.85015,0.55,179.06,179.06,65.95,65.95,1.01,-0.8,179.06,109,100,111,20,10,50,50,1,1,252,252,9,5,4
116.41556,39.85012,0.57,178.57,178.57,65.69,65.69,1.01,-0.8,178.57,110,100,111,20,10,50,50,1,1,252,252,9,5,4
116.41556,39.85007,0.96,177.75,177.75,65.28,65.28,1.01,-0.8,177.75,112,100,111,20,10,50,50,1,1,252,252,9,5,4
116.41557,39.85002,1.14,176.87,176.87,64.84,64.84,1.01,-0.8,176.87,113,100,111,20,10,50,50,1,1,252,252,9,5,4
116.41558,39.8499,1.38,174.77,174.77,63.86,63.86,1.01,-0.8,174.77,115,100,111,20,10,50,50,1,1,252,252,9,5,4
116.41558,39.84983,1.34,173.59,173.59,63.32,63.32,1.01,-0.8,173.59,116,100,111,20,10,50,50,1,1,252,252,9,5,4
116.4156,39.84967,1.56,170.95,170.95,61.97,61.97,1.01,-0.8,170.95,118,100,111,20,10,50,50,1,1,252,252,9,5,4
116.41562,39.84959,1.75,169.5,169.5,61.31,61.31,1.01,-0.8,169.5,119,100,111,20,10,50,50,1,1,252,252,9,5,4
116.41566,39.84941,1.73,166.42,166.42,59.77,59.77,1.01,-0.8,166.42,121,100,111,20,10,50,50,1,1,252,252,9,5,4
116.41568,39.84931,2.03,164.67,164.67,58.92,58.92,1.01,-0.8,164.67,122,100,111,20,10,50,50,1,1,252,252,9,5,4
116.41571,39.84921,2.08,162.88,162.88,58.05,58.05,1.01,-0.8,162.88,124,100,111,20,10,50,50,1,1,252,252,9,5,4
116.41575,39.8491,2.29,160.92,160.92,57.08,57.08,1.01,-0.8,160.92,125,100,111,20,10,50,50,1,1,252,252,9,5,4
116.41584,39.84888,2.43,156.82,156.82,55.15,55.15,1.01,-0.8,156.82,127,100,111,20,10,50,50,1,1,252,252,9,5,4
116.41589,39.84876,2.56,154.65,154.65,54.04,54.04,1.01,-0.8,154.65,128,100,111,20,10,50,50,1,1,252,252,9,5,4
116.41602,39.84852,2.75,150,150,51.75,51.75,1.01,-0.8,150,130,100,111,20,10,50,50,1,1,252,252,9,5,4
116.41609,39.84839,2.85,147.5,147.5,50.55,50.55,1.01,-0.8,147.5,131,100,111,20,10,50,50,1,1,252,252,9,5,4
116.41627,39.84814,3.17,142.3,142.3,48.02,48.02,1.01,-0.8,142.3,133,100,111,20,10,50,50,1,1,252,252,9,5,4
116.41637,39.84802,3.18,139.53,139.53,46.75,46.75,1.01,-0.8,139.53,134,100,111,20,10,50,50,1,1,252,252,9,5,4
116.41649,39.84789,3.34,136.62,136.62,45.27,45.27,1.01,-0.8,136.62,136,100,111,20,10,50,50,1,1,252,252,9,5,4
116.41661,39.84777,3.33,133.67,133.67,43.86,43.86,1.01,-0.8,133.67,137,100,111,20,10,50,50,1,1,252,252,9,5,4
116.41689,39.84753,3.67,127.44,127.44,40.76,40.76,1.01,-0.8,127.44,139,100,111,20,10,50,50,1,1,252,252,9,5,4
116.41704,39.84742,3.74,124.16,124.16,39.29,39.29,1.01,-0.8,124.16,140,100,111,20,10,50,50,1,1,252,252,9,5,4
116.41739,39.84722,3.93,117.38,117.38,35.94,35.94,1.01,-0.8,117.38,142,100,111,20,10,50,50,1,1,252,252,9,5,4
116.41757,39.84713,3.95,113.92,113.92,34.27,34.27,1.01,-0.8,113.92,143,100,111,20,10,50,50,1,1,252,252,9,5,4
116.41796,39.84698,4.36,106.81,106.81,30.78,30.78,1.01,-0.8,106.81,145,100,111,20,10,50,50,1,1,252,252,9,5,4
116.41818,39.84693,4.41,102.99,102.99,30.78,30.78,1.01,-0.8,102.99,146,100,111,20,10,50,50,1,1,252,252,9,5,4
116.41864,39.84686,4.6,95.09,95.09,26.97,26.97,1.01,-0.8,95.09,148,100,111,20,10,50,50,1,1,252,252,9,5,4
116.41864,39.84686,4.6,95.09,95.09,25.16,25.16,1.01,-0.8,95.09,149,100,111,20,10,50,50,1,1,252,252,9,5,4
116.41912,39.84685,4.78,86.82,86.82,21.11,21.11,1.01,-0.8,86.82,151,100,111,20,10,50,50,1,1,252,252,9,5,4
116.41938,39.84687,4.99,82.53,82.53,18.94,18.94,1.01,-0.8,82.53,152,100,111,20,10,50,50,1,1,252,252,9,5,4
116.41988,39.84698,5.2,73.71,73.71,14.83,14.83,1.01,-0.8,73.71,154,100,111,20,10,50,50,1,1,252,252,9,5,4
116.42013,39.84707,5.16,69.18,69.18,12.71,12.71,1.01,-0.8,69.18,155,100,111,20,10,50,50,1,1,252,252,9,5,4
116.42063,39.84731,5.5,59.87,59.87,8.13,8.13,1.01,-0.8,59.87,157,100,111,20,10,50,50,1,1,252,252,9,5,4
116.42086,39.84746,5.61,55.06,55.06,5.88,5.88,1.01,-0.8,55.06,158,100,111,20,10,50,50,1,1,252,252,9,5,4
116.42132,39.84784,5.83,44.95,44.95,3.51,3.51,1.01,-0.8,44.95,160,100,111,20,10,50,50,1,1,252,252,9,5,4
116.42132,39.84784,5.83,44.95,44.95,1.11,1.11,1.01,-0.8,44.95,161,100,111,20,10,50,50,1,1,252,252,9,5,4
116.42171,39.84832,6.16,34.69,34.69,85.4,85.4,1.01,-0.8,34.69,163,100,148,20,10,50,50,1,2,252,252,9,5,4
116.42188,39.84858,6.16,30.26,30.26,85.56,85.56,1.01,-0.8,30.26,164,100,151,20,10,50,50,1,2,252,252,9,5,4
116.42217,39.84916,6.39,23.58,23.58,85.93,85.93,1.01,-0.8,23.58,166,100,156,20,10,50,50,1,2,252,252,9,5,4
116.42229,39.84947,6.39,21.39,21.39,86.13,86.13,1.01,-0.8,21.39,167,100,157,20,10,50,50,1,2,252,252,9,5,4
116.42252,39.85011,6.75,19.32,19.32,86.54,86.54,1.01,-0.8,19.32,169,100,159,20,10,50,50,1,2,252,252,9,5,4
116.42264,39.85044,6.85,19.54,19.54,86.75,86.75,1.01,-0.8,19.54,170,100,160,20,10,50,50,1,2,252,252,9,5,4
116.4229,39.85111,7.08,22.6,22.6,87.18,87.18,1.01,-0.8,22.6,172,100,159,20,10,50,50,1,2,252,252,9,5,4
116.4229,39.85111,7.08,22.6,22.6,87.18,87.18,1.01,-0.8,22.6,173,100,159,20,10,50,50,1,2,252,252,9,5,4
116.42321,39.85178,7.24,27.17,27.17,87.62,87.62,1.01,-0.8,27.17,175,100,158,20,10,50,50,1,2,252,252,9,5,4
116.42339,39.85211,7.33,28.4,28.4,87.83,87.83,1.01,-0.8,28.4,176,100,157,20,10,50,50,1,2,252,252,9,5,4
116.42377,39.85278,7.45,30.83,30.83,88.27,88.27,1.01,-0.8,30.83,178,100,157,20,10,50,50,1,2,252,252,9,5,4
116.42397,39.8531,7.43,32.05,32.05,88.48,88.48,1.01,-0.8,32.05,179,100,157,20,10,50,50,1,2,252,252,9,5,4
116.42442,39.85377,7.86,36.78,36.78,88.93,88.93,1.01,-0.8,36.78,181,100,155,20,10,50,50,1,2,252,252,9,5,4
116.42467,39.85409,8.06,39.23,39.23,89.14,89.14,1.01,-0.8,39.23,182,100,154,20,10,50,50,1,2,252,252,9,5,4
116.42494,39.85441,8.08,40.69,40.69,89.36,89.36,1.01,-0.8,40.69,184,100,154,20,10,50,50,1,2,252,252,9,5,4
116.42522,39.85473,8.24,41.15,41.15,89.57,89.57,1.01,-0.8,41.15,185,100,154,20,10,50,50,1,2,252,252,9,5,4
116.42578,39.85538,8.41,41.16,41.16,90.02,90.02,1.01,-0.8,41.16,187,100,155,20,10,50,50,1,2,252,252,9,5,4
116.42607,39.8557,8.56,42.49,42.49,90.24,90.24,1.01,-0.8,42.49,188,100,154,20,10,50,50,1,2,252,252,9,5,4
116.42669,39.85634,8.64,45.51,45.51,90.68,90.68,1.01,-0.8,45.51,190,100,153,20,10,50,50,1,2,252,252,9,5,4
116.42919,39.86149,0,-312.67,-312.67,0,0,1.01,-0.8,-312.67,100,100,111,20,10,50,50,0,0,252,252,9,6,4
116.42919,39.86149,0,-312.67,-312.67,0,0,1.01,-0.8,-312.67,100,100,111,20,10,50,50,0,0,252,252,9,6,4
116.42919,39.86149,0,-312.67,-312.67,0,0,1.01,-0.8,-312.67,100,100,111,20,10,50,50,1,0,252,252,9,6,4
116.42919,39.86149,0,-312.67,-312.67,0,0,1.01,-0.8,-312.67,100,100,111,20,10,50,50,1,0,252,252,9,6,4
116.42919,39.86149,0,-312.68,-312.68,0,0,1.01,-0.8,-312.68,100,100,111,20,10,50,50,1,0,252,252,9,6,4
116.42919,39.86149,0,-312.68,-312.68,0,0,1.01,-0.8,-312.68,100,100,111,20,10,50,50,1,0,252,252,9,6,4
116.42919,39.86149,0,-312.69,-312.69,0,0,1.01,-0.8,-312.69,100,100,111,20,10,50,50,1,0,252,252,9,6,4
116.42919,39.86149,0,-312.69,-312.69,0,0,1.01,-0.8,-312.69,100,100,111,20,10,50,50,1,0,252,252,9,6,4
116.42919,39.86149,0,-312.7,-312.7,0,0,1.01,-0.8,-312.7,100,100,111,20,10,50,50,1,0,252,252,9,6,4
116.42919,39.86149,0,-312.7,-312.7,0,0,1.01,-0.8,-312.7,100,100,111,20,10,50,50,1,0,252,252,9,6,4
116.42919,39.86149,0,-312.71,-312.71,0,0,1.01,-0.8,-312.71,100,100,111,20,10,50,50,1,0,252,252,9,6,4
116.42919,39.86149,0,-312.71,-312.71,0,0,1.01,-0.8,-312.71,100,100,111,20,10,50,50,1,0,252,252,9,6,4
116.42919,39.86149,0,-312.72,-312.72,0,0,1.01,-0.8,-312.72,100,100,111,20,10,50,50,1,0,252,252,9,6,4
116.42919,39.86149,0,-312.72,-312.72,0,0,1.01,-0.8,-312.72,100,100,111,20,10,50,50,1,0,252,252,9,6,4
116.42919,39.86149,0,-312.72,-312.72,0,0,1.01,-0.8,-312.72,100,100,111,20,10,50,50,2,0,252,252,9,6,4
116.42919,39.86149,0,-312.73,-312.73,0,0,1.01,-0.8,-312.73,100,100,111,20,10,50,50,2,0,252,252,9,6,4
116.42919,39.86149,0,-312.74,-312.74,-93.97,-93.97,1.01,-0.8,-312.74,101,100,111,20,10,50,50,2,0,252,252,9,5,4
116.42919,39.86149,0.01,-312.74,-312.74,-93.97,-93.97,1.01,-0.8,-312.74,102,100,111,20,10,50,50,2,0,252,252,9,5,4
116.42918,39.8615,0.25,-312.96,-312.96,-93.97,-93.97,1.01,-0.8,-312.96,104,100,111,20,10,50,50,2,0,252,252,9,5,4
116.42918,39.86152,0.39,-313.28,-313.28,-93.98,-93.98,1.01,-0.8,-313.28,105,100,111,20,10,50,50,2,0,252,252,9,5,4
116.42916,39.86157,0.53,-314.11,-314.11,-94.01,-94.01,1.01,-0.8,-314.11,107,100,111,20,10,50,50,2,0,252,252,9,5,4
116.42916,39.86157,0.53,-314.11,-314.11,-94.01,-94.01,1.01,-0.8,-314.11,108,100,111,20,10,50,50,2,0,252,252,9,5,4
116.42914,39.86164,0.8,-315.39,-315.39,-94.04,-94.04,1.01,-0.8,-315.39,110,100,111,20,10,50,50,2,0,252,252,9,5,4
116.42912,39.86168,0.91,-316.16,-316.16,-94.07,-94.07,1.01,-0.8,-316.16,111,100,111,20,10,50,50,2,0,252,252,9,5,4
116.42909,39.86176,1.08,-317.69,-317.69,-94.11,-94.11,1.01,-0.8,-317.69,113,100,111,20,10,50,50,2,0,252,252,9,5,4
116.42907,39.86182,1.27,-318.77,-318.77,-94.14,-94.14,1.01,-0.8,-318.77,114,100,111,20,10,50,50,2,0,252,252,9,5,4
116.42901,39.86195,1.36,-321.11,-321.11,-94.2,-94.2,1.01,-0.8,-321.11,116,100,111,20,10,50,50,2,0,252,252,9,5,4
116.42897,39.86201,1.54,-322.37,-322.37,-94.24,-94.24,1.01,-0.8,-322.37,117,100,111,20,10,50,50,2,0,252,252,9,5,4
116.42701,39.86369,1.56,287.98,287.98,0,0,1.01,-0.8,287.98,100,100,111,20,10,50,50,0,0,252,252,9,6,4
116.427,39.86369,0.01,287.69,287.69,0,0,1.01,-0.8,287.69,100,100,111,20,10,50,50,1,0,252,252,9,6,4
116.427,39.86369,0,287.69,287.69,0,0,1.01,-0.8,287.69,100,100,111,20,10,50,50,1,0,252,252,9,6,4
116.42699,39.86369,0.04,287.67,287.67,95.79,95.79,1.01,-0.8,287.67,102,100,189,20,10,50,50,1,2,252,252,9,5,4
116.42699,39.86369,0.05,287.62,287.62,95.79,95.79,1.01,-0.8,287.62,103,100,189,20,10,50,50,1,2,252,252,9,5,4
116.42698,39.8637,0.28,287.53,287.53,95.8,95.8,1.01,-0.8,287.53,105,100,189,20,10,50,50,1,2,252,252,9,5,4
116.42697,39.8637,0.29,287.41,287.41,95.79,95.79,1.01,-0.8,287.41,106,100,189,20,10,50,50,1,2,252,252,9,5,4
116.42693,39.86371,0.49,287.19,287.19,95.8,95.8,1.01,-0.8,287.19,108,100,189,20,10,50,50,1,2,252,252,9,5,4
116.4269,39.86372,0.75,287.13,287.13,95.8,95.8,1.01,-0.8,287.13,109,100,189,20,10,50,50,1,2,252,252,9,5,4
116.42682,39.86375,0.81,287.28,287.28,95.82,95.82,1.01,-0.8,287.28,111,100,189,20,10,50,50,1,2,252,252,9,5,4
116.42677,39.86376,1,287.55,287.55,95.82,95.82,1.01,-0.8,287.55,112,100,189,20,10,50,50,1,2,252,252,9,5,4
116.42667,39.86379,1.12,288.58,288.58,95.83,95.83,1.01,-0.8,288.58,114,100,189,20,10,50,50,1,2,252,252,9,5,4
116.42661,39.86381,1.3,289.37,289.37,95.84,95.84,1.01,-0.8,289.37,115,100,189,20,10,50,50,1,2,252,252,9,5,4
116.42654,39.86384,1.33,290.44,290.44,95.86,95.86,1.01,-0.8,290.44,117,100,189,20,10,50,50,1,2,252,252,9,5,4
116.42647,39.86387,1.62,291.73,291.73,95.87,95.87,1.01,-0.8,291.73,118,100,189,20,10,50,50,1,2,252,252,9,5,4
116.42631,39.86394,1.91,294.75,294.75,95.91,95.91,1.01,-0.8,294.75,120,100,189,20,10,50,50,1,2,252,252,9,5,4
116.42622,39.86398,1.81,296.4,296.4,95.93,95.93,1.01,-0.8,296.4,120,100,189,20,10,50,50,1,2,252,252,9,5,4
116.42605,39.86407,1.97,299.71,299.71,95.98,95.98,1.01,-0.8,299.71,120,100,189,20,10,50,50,1,2,252,252,9,5,4
116.42725,39.87033,0,81.79,81.79,0,0,1.01,-0.8,81.79,100,100,111,20,10,50,50,0,0,252,252,9,6,4
116.42725,39.87033,0,81.79,81.79,0,0,1.01,-0.8,81.79,100,100,111,20,10,50,50,0,0,252,252,9,6,4
116.42725,39.87033,0,81.79,81.79,0,0,1.01,-0.8,81.79,100,100,111,20,10,50,50,1,0,252,252,9,6,4
116.42725,39.87033,0,81.79,81.79,0,0,1.01,-0.8,81.79,100,100,111,20,10,50,50,1,0,252,252,9,6,4
116.42725,39.87033,0,81.8,81.8,0,0,1.01,-0.8,81.8,100,100,111,20,10,50,50,1,0,252,252,9,6,4
116.42725,39.87033,0.02,81.8,81.8,0,0,1.01,-0.8,81.8,100,100,111,20,10,50,50,1,0,252,252,9,6,4
116.42725,39.87033,0.02,81.81,81.81,0,0,1.01,-0.8,81.81,100,100,111,20,10,50,50,1,0,252,252,9,6,4
116.42725,39.87033,0.02,81.81,81.81,0,0,1.01,-0.8,81.81,100,100,111,20,10,50,50,1,0,252,252,9,6,4
116.42725,39.87033,0,81.81,81.81,0,0,1.01,-0.8,81.81,100,100,111,20,10,50,50,1,0,252,252,9,6,4
116.42725,39.87033,0,81.81,81.81,0,0,1.01,-0.8,81.81,100,100,111,20,10,50,50,1,0,252,252,9,6,4
116.42725,39.87033,0,81.81,81.81,0,0,1.01,-0.8,81.81,100,100,111,20,10,50,50,1,0,252,252,9,6,4
116.42725,39.87033,0,81.81,81.81,0,0,1.01,-0.8,81.81,100,100,111,20,10,50,50,1,0,252,252,9,6,4
116.42725,39.87033,0.01,81.8,81.8,0,0,1.01,-0.8,81.8,100,100,111,20,10,50,50,1,0,252,252,9,6,4
116.42725,39.87033,0.01,81.8,81.8,0,0,1.01,-0.8,81.8,100,100,111,20,10,50,50,1,0,252,252,9,6,4
116.42725,39.87033,0,81.79,81.79,0,0,1.01,-0.8,81.79,100,100,111,20,10,50,50,1,0,252,252,9,6,4
116.42725,39.87033,0,81.79,81.79,0,0,1.01,-0.8,81.79,100,100,111,20,10,50,50,1,0,252,252,9,6,4
116.42725,39.87033,0,81.78,81.78,0,0,1.01,-0.8,81.78,100,100,111,20,10,50,50,1,0,252,252,9,6,4
116.42725,39.87033,0,81.77,81.77,0,0,1.01,-0.8,81.77,100,100,111,20,10,50,50,1,0,252,252,9,6,4
116.42726,39.87033,0.01,81.77,81.77,0,0,1.01,-0.8,81.77,100,100,111,20,10,50,50,1,0,252,252,9,6,4
116.42726,39.87033,0,81.77,81.77,0,0,1.01,-0.8,81.77,100,100,111,20,10,50,50,1,0,252,252,9,6,4
116.42726,39.87033,0,81.76,81.76,0,0,1.01,-0.8,81.76,100,100,111,20,10,50,50,1,0,252,252,9,6,4
116.42726,39.87033,0,81.76,81.76,0,0,1.01,-0.8,81.76,100,100,111,20,10,50,50,1,0,252,252,9,6,4
116.42726,39.87033,0,81.76,81.76,0,0,1.01,-0.8,81.76,100,100,111,20,10,50,50,1,0,252,252,9,6,4
116.42726,39.87033,0,81.76,81.76,-98.46,-98.46,1.01,-0.8,81.76,101,100,189,20,10,50,50,1,0,252,252,9,5,4
116.42726,39.87033,0,81.75,81.75,-98.46,-98.46,1.01,-0.8,81.75,103,100,189,20,10,50,50,1,0,252,252,9,5,4
116.42726,39.87033,0,81.75,81.75,100.36,100.36,1.01,-0.8,81.75,104,100,162,20,10,50,50,1,2,252,252,9,5,4
116.42728,39.87033,0.28,81.43,81.43,100.36,100.36,1.01,-0.8,81.43,106,100,163,20,10,50,50,1,2,252,252,9,5,4
116.4273,39.87034,0.48,81.2,81.2,100.36,100.36,1.01,-0.8,81.2,107,100,163,20,10,50,50,1,2,252,252,9,5,4
116.42736,39.87035,0.67,80.83,80.83,100.38,100.38,1.01,-0.8,80.83,109,100,164,20,10,50,50,1,2,252,252,9,5,4
116.42739,39.87035,0.74,80.73,80.73,100.38,100.38,1.01,-0.8,80.73,110,100,164,20,10,50,50,1,2,252,252,9,5,4
116.42743,39.87036,0.89,80.7,80.7,100.4,100.4,1.01,-0.8,80.7,112,100,164,20,10,50,50,1,2,252,252,9,5,4
116.42748,39.87037,0.96,80.78,80.78,100.41,100.41,1.01,-0.8,80.78,113,100,164,20,10,50,50,1,2,252,252,9,5,4
116.4276,39.87038,1.14,81.43,81.43,100.43,100.43,1.01,-0.8,81.43,115,100,164,20,10,50,50,1,2,252,252,9,5,4
116.42766,39.87039,1.51,81.94,81.94,100.45,100.45,1.01,-0.8,81.94,116,100,164,20,10,50,50,1,2,252,252,9,5,4
116.42781,39.87041,1.64,82.73,82.73,100.48,100.48,1.01,-0.8,82.73,118,100,163,20,10,50,50,1,2,252,252,9,5,4
116.4279,39.87042,1.59,83.35,83.35,100.49,100.49,1.01,-0.8,83.35,119,100,163,20,10,50,50,1,2,252,252,9,5,4
116.42809,39.87044,1.9,84.5,84.5,100.53,100.53,1.01,-0.8,84.5,121,100,163,20,10,50,50,1,2,252,252,9,5,4
116.42819,39.87045,2.05,85.03,85.03,100.55,100.55,1.01,-0.8,85.03,122,100,163,20,10,50,50,1,2,252,252,9,5,4
116.42829,39.87046,2.12,85.84,85.84,100.57,100.57,1.01,-0.8,85.84,124,100,162,20,10,50,50,1,2,252,252,9,5,4
116.42841,39.87047,2.24,86.62,86.62,100.59,100.59,1.01,-0.8,86.62,125,100,162,20,10,50,50,1,2,252,252,9,5,4
116.42864,39.87048,2.4,87.51,87.51,100.63,100.63,1.01,-0.8,87.51,127,100,162,20,10,50,50,1,2,252,252,9,5,4
116.42864,39.87048,2.4,88.2,88.2,100.63,100.63,1.01,-0.8,88.2,128,100,161,20,10,50,50,1,2,252,252,9,5,4
116.42905,39.87049,2.77,89.61,89.61,100.69,100.69,1.01,-0.8,89.61,130,100,161,20,10,50,50,1,2,252,252,9,5,4
116.42919,39.87049,2.93,90.05,90.05,100.71,100.71,1.01,-0.8,90.05,131,100,161,20,10,50,50,1,2,252,252,9,5,4
116.4295,39.87048,3.15,91.76,91.76,100.74,100.74,1.01,-0.8,91.76,133,100,160,20,10,50,50,1,2,252,252,9,5,4
116.42967,39.87048,3.14,92.34,92.34,100.76,100.76,1.01,-0.8,92.34,134,100,159,20,10,50,50,1,2,252,252,9,5,4
116.43001,39.87046,3.35,93.88,93.88,100.78,100.78,1.01,-0.8,93.88,136,100,159,20,10,50,50,1,2,252,252,9,5,4
116.43001,39.87046,3.35,93.88,93.88,100.8,100.8,1.01,-0.8,93.88,137,100,159,20,10,50,50,1,2,252,252,9,5,4
116.43035,39.87043,3.55,97.05,97.05,100.82,100.82,1.01,-0.8,97.05,139,100,157,20,10,50,50,1,2,252,252,9,5,4
116.43054,39.8704,3.75,98.65,98.65,100.83,100.83,1.01,-0.8,98.65,140,100,156,20,10,50,50,1,2,252,252,9,5,4
116.43094,39.87033,3.96,100.54,100.54,100.83,100.83,1.01,-0.8,100.54,142,100,155,20,10,50,50,1,2,252,252,9,5,4
116.43114,39.87029,4.12,101.05,101.05,100.83,100.83,1.01,-0.8,101.05,143,100,155,20,10,50,50,1,2,252,252,9,5,4
116.43156,39.8702,4.35,103.24,103.24,100.83,100.83,1.01,-0.8,103.24,145,100,154,20,10,50,50,1,2,252,252,9,5,4
116.43178,39.87015,4.38,103.92,103.92,100.82,100.82,1.01,-0.8,103.92,146,100,154,20,10,50,50,1,2,252,252,9,5,4
116.432,39.8701,4.54,104.26,104.26,100.81,100.81,1.01,-0.8,104.26,148,100,153,20,10,50,50,1,2,252,252,9,5,4
116.43223,39.87004,4.54,104.6,104.6,100.8,100.8,1.01,-0.8,104.6,149,100,153,20,10,50,50,1,2,252,252,9,5,4
116.43269,39.86991,4.83,105.3,105.3,100.77,100.77,1.01,-0.8,105.3,151,100,152,20,10,50,50,1,2,252,252,9,5,4
116.43293,39.86985,4.84,105.67,105.67,100.76,100.76,1.01,-0.8,105.67,152,100,152,20,10,50,50,1,2,252,252,9,5,4
116.43343,39.8697,5.06,106.42,106.42,100.72,100.72,1.01,-0.8,106.42,154,100,152,20,10,50,50,1,2,252,252,9,5,4
116.43369,39.86963,5.22,106.81,106.81,100.7,100.7,1.01,-0.8,106.81,155,100,151,20,10,50,50,1,2,252,252,9,5,4
116.43422,39.86946,5.59,107.62,107.62,100.65,100.65,1.01,-0.8,107.62,157,100,151,20,10,50,50,1,2,252,252,9,5,4
116.43449,39.86937,5.64,108.04,108.04,100.62,100.62,1.01,-0.8,108.04,158,100,150,20,10,50,50,1,2,252,252,9,5,4
116.43477,39.86928,5.76,108.47,108.47,100.6,100.6,1.01,-0.8,108.47,160,100,150,20,10,50,50,1,2,252,252,9,5,4
116.43506,39.86918,5.79,108.91,108.91,100.56,100.56,1.01,-0.8,108.91,161,100,150,20,10,50,50,1,2,252,252,9,5,4
116.43563,39.86899,5.97,108.23,108.23,100.5,100.5,1.01,-0.8,108.23,163,100,150,20,10,50,50,1,2,252,252,9,5,4
116.43593,39.86889,6.17,107.59,107.59,100.46,100.46,1.01,-0.8,107.59,164,100,150,20,10,50,50,1,2,252,252,9,5,4
116.43654,39.8687,6.38,107.99,107.99,100.4,100.4,1.01,-0.8,107.99,166,100,150,20,10,50,50,1,2,252,252,9,5,4
116.43685,39.86859,6.39,108.31,108.31,100.37,100.37,1.01,-0.8,108.31,167,100,150,20,10,50,50,1,2,252,252,9,5,4
116.4375,39.86838,6.67,108.98,108.98,100.29,100.29,1.01,-0.8,108.98,169,100,149,20,10,50,50,1,2,252,252,9,5,4
116.43783,39.86826,6.83,109.32,109.32,100.24,100.24,1.01,-0.8,109.32,170,100,149,20,10,50,50,1,2,252,252,9,5,4
116.43816,39.86814,6.87,109.66,109.66,100.2,100.2,1.01,-0.8,109.66,172,100,149,20,10,50,50,1,2,252,252,9,5,4
116.4385,39.86802,6.86,110,110,100.15,100.15,1.01,-0.8,110,173,100,148,20,10,50,50,1,2,252,252,9,5,4
116.43918,39.86777,7.24,109.33,109.33,100.05,100.05,1.01,-0.8,109.33,175,100,149,20,10,50,50,1,2,252,252,9,5,4
116.43954,39.86765,7.51,108.3,108.3,100.01,100.01,1.01,-0.8,108.3,176,100,149,20,10,50,50,1,2,252,252,9,5,4
116.44028,39.86741,7.64,108.53,108.53,99.92,99.92,1.01,-0.8,108.53,178,100,149,20,10,50,50,1,2,252,252,9,5,4
116.44065,39.86728,7.66,108.92,108.92,99.87,99.87,1.01,-0.8,108.92,179,100,149,20,10,50,50,1,2,252,252,9,5,4
116.44141,39.86703,7.84,107.83,107.83,99.77,99.77,1.01,-0.8,107.83,181,100,149,20,10,50,50,1,2,252,252,9,5,4
116.44141,39.86703,7.84,107.83,107.83,99.77,99.77,1.01,-0.8,107.83,182,100,149,20,10,50,50,1,2,252,252,9,5,4
116.4422,39.86678,8.04,106.94,106.94,99.67,99.67,1.01,-0.8,106.94,184,100,149,20,10,50,50,1,2,252,252,9,5,4
116.4426,39.86666,8.06,107.88,107.88,99.63,99.63,1.01,-0.8,107.88,185,100,149,20,10,50,50,1,2,252,252,9,5,4
116.44341,39.86639,8.43,107.77,107.77,99.52,99.52,1.01,-0.8,107.77,187,100,149,20,10,50,50,1,2,252,252,9,5,4
116.44383,39.86626,8.58,108.03,108.03,99.47,99.47,1.01,-0.8,108.03,188,100,148,20,10,50,50,1,2,252,252,9,5,4
116.44467,39.86597,8.72,109.54,109.54,99.34,99.34,1.01,-0.8,109.54,190,100,147,20,10,50,50,1,2,252,252,9,5,4
116.4451,39.86582,8.87,109.06,109.06,99.27,99.27,1.01,-0.8,109.06,191,100,148,20,10,50,50,1,2,252,252,9,5,4
116.44597,39.86553,9.17,108.18,108.18,99.14,99.14,1.01,-0.8,108.18,193,100,148,20,10,50,50,1,2,252,252,9,5,4
116.44597,39.86553,9.17,108.18,108.18,99.14,99.14,1.01,-0.8,108.18,194,100,148,20,10,50,50,1,2,252,252,9,5,4
116.44686,39.86522,9.14,110.79,110.79,98.99,98.99,1.01,-0.8,110.79,196,100,146,20,10,50,50,1,2,252,252,9,5,4
116.44731,39.86504,9.45,112.37,112.37,98.89,98.89,1.01,-0.8,112.37,197,100,145,20,10,50,50,1,2,252,252,9,5,4
116.44822,39.86466,9.64,112,112,98.67,98.67,1.01,-0.8,112,199,100,145,20,10,50,50,1,2,252,252,9,5,4
116.44868,39.86448,9.66,110.15,110.15,98.57,98.57,1.01,-0.8,110.15,199,100,146,20,10,50,50,1,2,252,252,9,5,4
116.44964,39.86415,9.86,108.8,108.8,98.4,98.4,1.01,-0.8,108.8,199,100,147,20,10,50,50,1,2,252,252,9,5,4
116.45012,39.86399,9.83,107.76,107.76,98.31,98.31,1.01,-0.8,107.76,199,100,147,20,10,50,50,1,2,252,252,9,5,4
116.45109,39.86372,9.86,104.55,104.55,98.19,98.19,1.01,-0.8,104.55,199,100,149,20,10,50,50,1,2,252,252,9,5,4
116.45109,39.86372,9.86,104.55,104.55,98.19,98.19,1.01,-0.8,104.55,199,100,149,20,10,50,50,1,2,252,252,9,5,4
116.45207,39.86346,9.84,105.91,105.91,98.07,98.07,1.01,-0.8,105.91,199,100,148,20,10,50,50,1,2,252,252,9,5,4
116.45207,39.86346,9.84,105.91,105.91,98.07,98.07,1.01,-0.8,105.91,199,100,148,20,10,50,50,1,2,252,252,9,5,4
116.45353,39.86301,9.84,107.14,107.14,97.83,97.83,1.01,-0.8,107.14,199,100,147,20,10,50,50,1,2,252,252,9,5,4
116.45401,39.86286,9.87,106.77,106.77,97.75,97.75,1.01,-0.8,106.77,199,100,147,20,10,50,50,1,2,252,252,9,5,4
116.45498,39.86257,9.86,106.03,106.03,97.58,97.58,1.01,-0.8,106.03,199,100,147,20,10,50,50,1,2,252,252,9,5,4
116.45547,39.86244,9.85,105.66,105.66,97.51,97.51,1.01,-0.8,105.66,199,100,147,20,10,50,50,1,2,252,252,9,5,4
116.45596,39.8621,9.84,104.92,104.92,97.22,97.22,1.01,-0.8,104.92,199,100,147,20,10,50,50,1,2,252,252,9,5,4
116.45596,39.8621,9.84,104.92,104.92,97.22,97.22,1.01,-0.8,104.92,199,100,147,20,10,50,50,1,2,252,252,9,5,4
116.45743,39.86191,9.85,104.18,104.18,97.22,97.22,1.01,-0.8,104.18,199,100,148,20,10,50,50,1,2,252,252,9,5,4
116.45792,39.86179,9.83,103.82,103.82,97.15,97.15,1.01,-0.8,103.82,199,100,148,20,10,50,50,1,2,252,252,9,5,4
116.4589,39.86155,9.85,104.75,104.75,97.02,97.02,1.01,-0.8,104.75,199,100,147,20,10,50,50,1,2,252,252,9,5,4
116.45939,39.86141,9.81,106.14,106.14,96.93,96.93,1.01,-0.8,106.14,199,100,146,20,10,50,50,1,2,252,252,9,5,4
116.46037,39.86113,9.85,105.28,105.28,96.75,96.75,1.01,-0.8,105.28,199,100,147,20,10,50,50,1,2,252,252,9,5,4
116.46086,39.86101,9.87,103,103,96.67,96.67,1.01,-0.8,103,199,100,148,20,10,50,50,1,2,252,252,9,5,4
116.46135,39.8609,9.82,100.6,100.6,96.61,96.61,1.01,-0.8,100.6,199,100,149,20,10,50,50,1,2,252,252,9,5,4
116.46185,39.86082,9.84,99.43,99.43,96.58,96.58,1.01,-0.8,99.43,199,100,150,20,10,50,50,1,2,252,252,9,5,4
116.46285,39.86065,9.87,100.79,100.79,96.52,96.52,1.01,-0.8,100.79,199,100,149,20,10,50,50,1,2,252,252,9,5,4
116.46335,39.86054,9.83,102.94,102.94,96.45,96.45,1.01,-0.8,102.94,199,100,148,20,10,50,50,1,2,252,252,9,5,4
116.46433,39.8603,9.87,104.05,104.05,96.29,96.29,1.01,-0.8,104.05,199,100,147,20,10,50,50,1,2,252,252,9,5,4
116.46482,39.86018,9.83,102.76,102.76,96.21,96.21,1.01,-0.8,102.76,199,100,147,20,10,50,50,1,2,252,252,9,5,4
116.46582,39.85999,9.85,99.83,99.83,96.1,96.1,1.01,-0.8,99.83,199,100,149,20,10,50,50,1,2,252,252,9,5,4
116.46632,39.8599,9.88,100.14,100.14,96.05,96.05,1.01,-0.8,100.14,199,100,149,20,10,50,50,1,2,252,252,9,5,4
116.46682,39.85981,9.83,101.68,101.68,96,96,1.01,-0.8,101.68,199,100,148,20,10,50,50,1,2,252,252,9,5,4
116.46731,39.85969,9.83,104.45,104.45,95.91,95.91,1.01,-0.8,104.45,199,100,146,20,10,50,50,1,2,252,252,9,5,4
116.46827,39.85937,9.85,112.06,112.06,95.61,95.61,1.01,-0.8,112.06,199,100,142,20,10,50,50,1,2,252,252,9,5,4
116.46873,39.85917,9.88,114.46,114.46,95.39,95.39,1.01,-0.8,114.46,199,100,140,20,10,50,50,1,2,252,252,9,5,4
116.46965,39.85873,9.88,115.57,115.57,94.88,94.88,1.01,-0.8,115.57,199,100,139,20,10,50,50,1,2,252,252,9,5,4
116.47011,39.85852,9.87,114.28,114.28,94.63,94.63,1.01,-0.8,114.28,199,100,139,20,10,50,50,1,2,252,252,9,5,4
116.47105,39.85814,9.85,109.29,109.29,94.18,94.18,1.01,-0.8,109.29,199,100,142,20,10,50,50,1,2,252,252,9,5,4
116.47153,39.85799,9.85,106.89,106.89,94,94,1.01,-0.8,106.89,199,100,143,20,10,50,50,1,2,252,252,9,5,4
116.47251,39.85771,9.88,105.54,105.54,93.84,93.84,1.01,-0.8,105.54,199,100,143,20,10,50,50,1,2,252,252,9,5,4
116.473,39.85757,9.87,106.02,106.02,93.68,93.68,1.01,-0.8,106.02,199,100,143,20,10,50,50,1,2,252,252,9,5,4
116.47348,39.85743,9.88,105.34,105.34,93.33,93.33,1.01,-0.8,105.34,199,100,143,20,10,50,50,1,2,252,252,9,5,4
116.47397,39.85731,9.85,103.87,103.87,93.18,93.18,1.01,-0.8,103.87,199,100,144,20,10,50,50,1,2,252,252,9,5,4
116.47496,39.85709,9.83,101.47,101.47,92.91,92.91,1.01,-0.8,101.47,199,100,145,20,10,50,50,1,2,252,252,9,5,4
116.47546,39.85699,9.85,101.78,101.78,92.78,92.78,1.01,-0.8,101.78,199,100,144,20,10,50,50,1,2,252,252,9,5,4
116.47645,39.85678,9.83,100.92,100.92,92.5,92.5,1.01,-0.8,100.92,199,100,145,20,10,50,50,1,2,252,252,9,5,4
116.47695,39.85669,9.85,99.32,99.32,92.37,92.37,1.01,-0.8,99.32,199,100,145,20,10,50,50,1,2,252,252,9,5,4
116.47796,39.85656,9.88,96.38,96.38,92.28,92.28,1.01,-0.8,96.38,199,100,146,20,10,50,50,1,2,252,252,9,5,4
116.47846,39.8565,9.82,96.19,96.19,92.22,92.22,1.01,-0.8,96.19,199,100,147,20,10,50,50,1,2,252,252,9,5,4
116.47846,39.8565,9.82,96.19,96.19,92.14,92.14,1.01,-0.8,96.19,199,100,147,20,10,50,50,1,2,252,252,9,5,4
116.47896,39.85645,9.85,96.72,96.72,92.08,92.08,1.01,-0.8,96.72,199,100,147,20,10,50,50,1,2,252,252,9,5,4
116.47997,39.85634,9.83,95.27,95.27,91.93,91.93,1.01,-0.8,95.27,199,100,147,20,10,50,50,1,2,252,252,9,5,4
116.48048,39.85629,9.83,95.57,95.57,91.87,91.87,1.01,-0.8,95.57,199,100,147,20,10,50,50,1,2,252,252,9,5,4
116.48148,39.85619,9.85,95.67,95.67,91.73,91.73,1.01,-0.8,95.67,199,100,147,20,10,50,50,1,2,252,252,9,5,4
116.48199,39.85614,9.82,95,95,91.66,91.66,1.01,-0.8,95,199,100,147,20,10,50,50,1,2,252,252,9,5,4
116.483,39.85604,9.86,97.33,97.33,91.51,91.51,1.01,-0.8,97.33,199,100,146,20,10,50,50,1,2,252,252,9,5,4
116.48448,39.85568,0,107.72,107.72,0,0,1.01,-0.8,107.72,100,100,111,20,10,50,50,0,0,252,252,9,6,4
116.48448,39.85568,0.01,107.73,107.73,0,0,1.01,-0.8,107.73,100,100,111,20,10,50,50,1,0,252,252,9,6,4
116.48448,39.85568,0,107.73,107.73,0,0,1.01,-0.8,107.73,100,100,111,20,10,50,50,1,0,252,252,9,6,4
116.48448,39.85568,0.01,107.74,107.74,-90.73,-90.73,1.01,-0.8,107.74,101,100,189,20,10,50,50,1,0,252,252,9,5,4
116.48448,39.85568,0,107.74,107.74,-90.73,-90.73,1.01,-0.8,107.74,102,100,189,20,10,50,50,1,0,252,252,9,5,4
116.48449,39.85568,0.18,107.77,107.77,90.75,90.75,1.01,-0.8,107.77,104,100,141,20,10,50,50,1,2,252,252,9,5,4
116.4845,39.85567,0.27,107.83,107.83,90.74,90.74,1.01,-0.8,107.83,105,100,141,20,10,50,50,1,2,252,252,9,5,4
116.48452,39.85567,0.37,107.9,107.9,90.74,90.74,1.01,-0.8,107.9,107,100,141,20,10,50,50,1,2,252,252,9,5,4
116.48454,39.85566,0.55,107.94,107.94,90.72,90.72,1.01,-0.8,107.94,108,100,141,20,10,50,50,1,2,252,252,9,5,4
116.4846,39.85564,0.71,107.8,107.8,90.67,90.67,1.01,-0.8,107.8,110,100,141,20,10,50,50,1,2,252,252,9,5,4
116.48463,39.85563,0.69,107.58,107.58,90.65,90.65,1.01,-0.8,107.58,111,100,141,20,10,50,50,1,2,252,252,9,5,4
116.48473,39.8556,1.06,107.21,107.21,90.58,90.58,1.01,-0.8,107.21,113,100,141,20,10,50,50,1,2,252,252,9,5,4
116.48478,39.85558,1.16,107.05,107.05,90.53,90.53,1.01,-0.8,107.05,114,100,141,20,10,50,50,1,2,252,252,9,5,4
116.48491,39.85554,1.38,106.41,106.41,90.45,90.45,1.01,-0.8,106.41,116,100,141,20,10,50,50,1,2,252,252,9,5,4
116.48498,39.85552,1.42,106.06,106.06,90.4,90.4,1.01,-0.8,106.06,117,100,141,20,10,50,50,1,2,252,252,9,5,4
116.48506,39.8555,1.42,105.89,105.89,90.35,90.35,1.01,-0.8,105.89,119,100,141,20,10,50,50,1,2,252,252,9,5,4
116.48874,39.86108,1.69,313.02,313.02,0,0,1.01,-0.8,313.02,100,100,111,20,10,50,50,0,0,252,252,9,6,4
116.48873,39.86109,0,312.89,312.89,0,0,1.01,-0.8,312.89,100,100,111,20,10,50,50,1,0,252,252,9,6,4
116.48873,39.86109,0.02,312.88,312.88,0,0,1.01,-0.8,312.88,100,100,111,20,10,50,50,1,0,252,252,9,6,4
116.48873,39.86109,0,312.88,312.88,0,0,1.01,-0.8,312.88,100,100,111,20,10,50,50,1,0,252,252,9,6,4
116.48873,39.86109,0.03,312.86,312.86,-92.49,-92.49,1.01,-0.8,312.86,101,100,124,20,10,50,50,1,0,252,252,9,5,4
116.48873,39.86109,0.03,312.86,312.86,-92.49,-92.49,1.01,-0.8,312.86,102,100,124,20,10,50,50,1,0,252,252,9,5,4
116.48872,39.86109,0.26,312.68,312.68,105.65,105.65,1.01,-0.8,312.68,104,100,189,20,10,50,50,1,2,252,252,9,5,4
116.48871,39.8611,0.23,312.49,312.49,105.66,105.66,1.01,-0.8,312.49,105,100,189,20,10,50,50,1,2,252,252,9,5,4
116.48868,39.86113,0.5,312.08,312.08,105.71,105.71,1.01,-0.8,312.08,107,100,189,20,10,50,50,1,2,252,252,9,5,4
116.48866,39.86115,0.5,311.89,311.89,105.75,105.75,1.01,-0.8,311.89,108,100,189,20,10,50,50,1,2,252,252,9,5,4
116.4886,39.8612,0.82,311.7,311.7,105.84,105.84,1.01,-0.8,311.7,110,100,189,20,10,50,50,1,2,252,252,9,5,4
116.48857,39.86123,1,311.75,311.75,105.9,105.9,1.01,-0.8,311.75,111,100,189,20,10,50,50,1,2,252,252,9,5,4
116.48849,39.86131,1.11,312.26,312.26,106.04,106.04,1.01,-0.8,312.26,113,100,189,20,10,50,50,1,2,252,252,9,5,4
116.48844,39.86135,1.31,312.76,312.76,106.1,106.1,1.01,-0.8,312.76,114,100,189,20,10,50,50,1,2,252,252,9,5,4
116.48839,39.86139,1.34,313.49,313.49,106.17,106.17,1.01,-0.8,313.49,116,100,189,20,10,50,50,1,2,252,252,9,5,4
116.48834,39.86145,1.61,314.46,314.46,106.29,106.29,1.01,-0.8,314.46,117,100,189,20,10,50,50,1,2,252,252,9,5,4
116.48822,39.86156,1.79,317.13,317.13,106.48,106.48,1.01,-0.8,317.13,119,100,189,20,10,50,50,1,2,252,252,9,5,4
116.48816,39.86163,1.75,318.68,318.68,106.61,106.61,1.01,-0.8,318.68,120,100,189,20,10,50,50,1,2,252,252,9,5,4
116.48804,39.86178,2.01,321.91,321.91,106.89,106.89,1.01,-0.8,321.91,120,100,189,20,10,50,50,1,2,252,252,9,5,4
116.48798,39.86186,1.91,323.63,323.63,107.04,107.04,1.01,-0.8,323.63,120,100,189,20,10,50,50,1,2,252,252,9,5,4
116.48786,39.86202,1.97,327.05,327.05,107.34,107.34,1.01,-0.8,327.05,120,100,189,20,10,50,50,1,2,252,252,9,5,4
116.48781,39.86211,1.95,-326.6,-326.6,107.53,107.53,1.01,-0.8,-326.6,120,100,189,20,10,50,50,1,2,252,252,9,5,4
116.48776,39.8622,2,-324.87,-324.87,107.71,107.71,1.01,-0.8,-324.87,120,100,189,20,10,50,50,1,2,252,252,9,5,4
116.48771,39.86229,1.98,-323.16,-323.16,107.88,107.88,1.01,-0.8,-323.16,120,100,189,20,10,50,50,1,2,252,252,9,5,4
116.48762,39.86247,1.98,-319.71,-319.71,108.24,108.24,1.01,-0.8,-319.71,120,100,189,20,10,50,50,1,2,252,252,9,5,4
116.48758,39.86256,1.94,-317.99,-317.99,108.43,108.43,1.01,-0.8,-317.99,120,100,189,20,10,50,50,1,2,252,252,9,5,4
116.48751,39.86275,2.02,-314.55,-314.55,108.82,108.82,1.01,-0.8,-314.55,120,100,189,20,10,50,50,1,2,252,252,9,5,4
116.48748,39.86285,1.92,-312.83,-312.83,109.03,109.03,1.01,-0.8,-312.83,120,100,189,20,10,50,50,1,2,252,252,9,5,4
116.48742,39.86304,1.97,-309.4,-309.4,109.43,109.43,1.01,-0.8,-309.4,120,100,189,20,10,50,50,1,2,252,252,9,5,4
116.4874,39.86314,1.89,-307.68,-307.68,109.65,109.65,1.01,-0.8,-307.68,120,100,189,20,10,50,50,1,2,252,252,9,5,4
116.48738,39.86324,1.93,-305.95,-305.95,109.86,109.86,1.01,-0.8,-305.95,120,100,189,20,10,50,50,1,2,252,252,9,5,4
116.48736,39.86334,2.01,-304.25,-304.25,110.07,110.07,1.01,-0.8,-304.25,120,100,189,20,10,50,50,1,2,252,252,9,5,4
116.48734,39.86354,1.93,-300.84,-300.84,110.53,110.53,1.01,-0.8,-300.84,120,100,189,20,10,50,50,1,2,252,252,9,5,4
116.48733,39.86364,1.92,-299.13,-299.13,110.75,110.75,1.01,-0.8,-299.13,120,100,189,20,10,50,50,1,2,252,252,9,5,4
116.48733,39.86384,2.01,-295.71,-295.71,111.2,111.2,1.01,-0.8,-295.71,120,100,189,20,10,50,50,1,2,252,252,9,5,4
116.48733,39.86394,2.01,1.38,1.38,111.43,111.43,1.01,-0.8,1.38,120,100,189,20,10,50,50,1,2,252,252,9,5,4
116.48734,39.86414,1.96,4.82,4.82,111.89,111.89,1.01,-0.8,4.82,120,100,189,20,10,50,50,1,2,252,252,9,5,4
116.48735,39.86424,1.95,6.53,6.53,112.12,112.12,1.01,-0.8,6.53,120,100,189,20,10,50,50,1,2,252,252,9,5,4
116.48736,39.86434,2,8.26,8.26,112.36,112.36,1.01,-0.8,8.26,120,100,189,20,10,50,50,1,2,252,252,9,5,4
116.48738,39.86444,1.97,9.98,9.98,112.6,112.6,1.01,-0.8,9.98,120,100,189,20,10,50,50,1,2,252,252,9,5,4
116.48742,39.86464,1.99,13.44,13.44,113.07,113.07,1.01,-0.8,13.44,120,100,189,20,10,50,50,1,2,252,252,9,5,4
116.48744,39.86474,1.92,15.15,15.15,113.32,113.32,1.01,-0.8,15.15,120,100,189,20,10,50,50,1,2,252,252,9,5,4
116.4875,39.86493,1.91,18.59,18.59,113.79,113.79,1.01,-0.8,18.59,120,100,189,20,10,50,50,1,2,252,252,9,5,4
116.48754,39.86503,1.99,20.32,20.32,114.05,114.05,1.01,-0.8,20.32,120,100,189,20,10,50,50,1,2,252,252,9,5,4
116.48761,39.86521,1.9,23.75,23.75,114.53,114.53,1.01,-0.8,23.75,120,100,189,20,10,50,50,1,2,252,252,9,5,4
116.48765,39.86531,2,25.47,25.47,114.53,114.53,1.01,-0.8,25.47,120,100,189,20,10,50,50,1,2,252,252,9,5,4
116.4877,39.8654,1.93,27.19,27.19,115.03,115.03,1.01,-0.8,27.19,120,100,189,20,10,50,50,1,2,252,252,9,5,4
116.48775,39.86549,2.01,28.92,28.92,115.27,115.27,1.01,-0.8,28.92,120,100,189,20,10,50,50,1,2,252,252,9,5,4
116.48785,39.86566,1.96,32.36,32.36,115.76,115.76,1.01,-0.8,32.36,120,100,189,20,10,50,50,1,2,252,252,9,5,4
116.48791,39.86574,1.95,34.09,34.09,115.99,115.99,1.01,-0.8,34.09,120,100,189,20,10,50,50,1,2,252,252,9,5,4
116.48803,39.86591,1.94,37.52,37.52,116.49,116.49,1.01,-0.8,37.52,120,100,189,20,10,50,50,1,2,252,252,9,5,4
116.48809,39.86599,1.98,39.23,39.23,116.72,116.72,1.01,-0.8,39.23,120,100,189,20,10,50,50,1,2,252,252,9,5,4
116.48822,39.86614,1.89,42.67,42.67,116.95,116.95,1.01,-0.8,42.67,120,100,189,20,10,50,50,1,2,252,252,9,5,4
116.48829,39.86621,1.92,44.37,44.37,117.19,117.19,1.01,-0.8,44.37,120,100,189,20,10,50,50,1,2,252,252,9,5,4
116.48836,39.86628,1.92,46.08,46.08,117.65,117.65,1.01,-0.8,46.08,120,100,189,20,10,50,50,1,2,252,252,9,5,4
116.48843,39.86635,1.99,47.8,47.8,117.88,117.88,1.01,-0.8,47.8,120,100,189,20,10,50,50,1,2,252,252,9,5,4
116.48859,39.86648,2.01,51.22,51.22,118.35,118.35,1.01,-0.8,51.22,120,100,189,20,10,50,50,1,2,252,252,9,5,4
116.48867,39.86654,1.97,52.93,52.93,118.57,118.57,1.01,-0.8,52.93,120,100,189,20,10,50,50,1,2,252,252,9,5,4
116.48883,39.86666,1.98,56.36,56.36,119.02,119.02,1.01,-0.8,56.36,120,100,189,20,10,50,50,1,2,252,252,9,5,4
116.48892,39.86671,1.94,58.07,58.07,119.23,119.23,1.01,-0.8,58.07,120,100,189,20,10,50,50,1,2,252,252,9,5,4
116.48909,39.86682,1.93,61.5,61.5,119.68,119.68,1.01,-0.8,61.5,120,100,189,20,10,50,50,1,2,252,252,9,5,4
116.48918,39.86686,1.97,63.23,63.23,119.86,119.86,1.01,-0.8,63.23,120,100,189,20,10,50,50,1,2,252,252,9,5,4
116.48918,39.86686,1.97,64.95,64.95,119.86,119.86,1.01,-0.8,64.95,120,100,189,20,10,50,50,1,2,252,252,9,5,4
116.48936,39.86695,1.93,66.66,66.66,120.28,120.28,1.01,-0.8,66.66,120,100,189,20,10,50,50,1,2,252,252,9,5,4
116.48955,39.86702,1.96,70.08,70.08,120.67,120.67,1.01,-0.8,70.08,120,100,189,20,10,50,50,1,2,252,252,9,5,4
116.48965,39.86705,1.92,71.8,71.8,120.86,120.86,1.01,-0.8,71.8,120,100,189,20,10,50,50,1,2,252,252,9,5,4
116.48984,39.86711,1.94,75.23,75.23,121.24,121.24,1.01,-0.8,75.23,120,100,189,20,10,50,50,1,2,252,252,9,5,4
116.48994,39.86713,1.94,76.94,76.94,121.43,121.43,1.01,-0.8,76.94,120,100,189,20,10,50,50,1,2,252,252,9,5,4
116.49014,39.86717,1.92,80.38,80.38,121.79,121.79,1.01,-0.8,80.38,120,100,189,20,10,50,50,1,2,252,252,9,5,4
116.49024,39.86719,1.95,82.09,82.09,121.97,121.97,1.01,-0.8,82.09,120,100,189,20,10,50,50,1,2,252,252,9,5,4
116.49034,39.8672,1.91,83.81,83.81,122.11,122.11,1.01,-0.8,83.81,120,100,189,20,10,50,50,1,2,252,252,9,5,4
116.49044,39.86721,2,85.53,85.53,122.27,122.27,1.01,-0.8,85.53,120,100,189,20,10,50,50,1,2,252,252,9,5,4
116.49064,39.86722,1.99,88.98,88.98,122.58,122.58,1.01,-0.8,88.98,120,100,189,20,10,50,50,1,2,252,252,9,5,4
116.49074,39.86722,1.94,90.69,90.69,122.71,122.71,1.01,-0.8,90.69,120,100,189,20,10,50,50,1,2,252,252,9,5,4
116.49094,39.86721,2,94.14,94.14,122.98,122.98,1.01,-0.8,94.14,120,100,189,20,10,50,50,1,2,252,252,9,5,4
116.49104,39.8672,1.95,95.86,95.86,123.11,123.11,1.01,-0.8,95.86,120,100,189,20,10,50,50,1,2,252,252,9,5,4
116.49124,39.86718,1.92,99.29,99.29,123.34,123.34,1.01,-0.8,99.29,120,100,189,20,10,50,50,1,2,252,252,9,5,4
116.49134,39.86716,2.01,101.02,101.02,123.44,123.44,1.01,-0.8,101.02,120,100,189,20,10,50,50,1,2,252,252,9,5,4
116.49144,39.86714,1.96,102.74,102.74,123.56,123.56,1.01,-0.8,102.74,120,100,189,20,10,50,50,1,2,252,252,9,5,4
116.49154,39.86711,2.01,104.45,104.45,123.63,123.63,1.01,-0.8,104.45,120,100,189,20,10,50,50,1,2,252,252,9,5,4
116.49173,39.86706,2,107.89,107.89,123.81,123.81,1.01,-0.8,107.89,120,100,189,20,10,50,50,1,2,252,252,9,5,4
116.49183,39.86702,1.95,109.6,109.6,123.86,123.86,1.01,-0.8,109.6,120,100,189,20,10,50,50,1,2,252,252,9,5,4
116.49202,39.86695,1.96,113.02,113.02,124,124,1.01,-0.8,113.02,120,100,189,20,10,50,50,1,2,252,252,9,5,4
116.49211,39.86691,1.95,114.74,114.74,124.05,124.05,1.01,-0.8,114.74,120,100,189,20,10,50,50,1,2,252,252,9,5,4
116.49229,39.86682,1.93,118.17,118.17,124.12,124.12,1.01,-0.8,118.17,120,100,189,20,10,50,50,1,2,252,252,9,5,4
116.49238,39.86677,2,119.9,119.9,124.14,124.14,1.01,-0.8,119.9,120,100,189,20,10,50,50,1,2,252,252,9,5,4
116.49246,39.86672,1.9,121.62,121.62,124.16,124.16,1.01,-0.8,121.62,120,100,189,20,10,50,50,1,2,252,252,9,5,4
116.49255,39.86666,2.01,123.34,123.34,124.16,124.16,1.01,-0.8,123.34,120,100,189,20,10,50,50,1,2,252,252,9,5,4
116.49271,39.86655,1.93,126.78,126.78,124.14,124.14,1.01,-0.8,126.78,120,100,189,20,10,50,50,1,2,252,252,9,5,4
116.49279,39.86649,1.97,128.49,128.49,124.15,124.15,1.01,-0.8,128.49,120,100,189,20,10,50,50,1,2,252,252,9,5,4
116.49295,39.86635,1.96,131.94,131.94,124.06,124.06,1.01,-0.8,131.94,120,100,189,20,10,50,50,1,2,252,252,9,5,4
116.49302,39.86629,1.91,133.65,133.65,124.03,124.03,1.01,-0.8,133.65,120,100,189,20,10,50,50,1,2,252,252,9,5,4
116.49316,39.86614,1.98,137.09,137.09,123.88,123.88,1.01,-0.8,137.09,120,100,189,20,10,50,50,1,2,252,252,9,5,4
116.49323,39.86607,1.94,138.81,138.81,123.85,123.85,1.01,-0.8,138.81,120,100,189,20,10,50,50,1,2,252,252,9,5,4
116.4933,39.86599,1.92,140.52,140.52,123.76,123.76,1.01,-0.8,140.52,120,100,189,20,10,50,50,1,2,252,252,9,5,4
116.49336,39.86591,1.94,142.25,142.25,123.65,123.65,1.01,-0.8,142.25,120,100,189,20,10,50,50,1,2,252,252,9,5,4
116.49348,39.86575,1.95,145.67,145.67,123.45,123.45,1.01,-0.8,145.67,120,100,189,20,10,50,50,1,2,252,252,9,5,4
116.49348,39.86565,1.95,147.4,147.4,123.2,123.2,1.01,-0.8,147.4,120,100,189,20,10,50,50,1,2,252,252,9,5,4
116.49364,39.86549,1.95,150.81,150.81,123.06,123.06,1.01,-0.8,150.81,120,100,189,20,10,50,50,1,2,252,252,9,5,4
116.49369,39.8654,1.97,152.53,152.53,122.9,122.9,1.01,-0.8,152.53,120,100,188,20,10,50,50,1,2,252,252,9,5,4
116.49377,39.86522,1.95,155.97,155.97,122.57,122.57,1.01,-0.8,155.97,120,100,186,20,10,50,50,1,2,252,252,9,5,4
116.49381,39.86513,2.01,157.64,157.64,122.4,122.4,1.01,-0.8,157.64,120,100,185,20,10,50,50,1,2,252,252,9,5,4
116.49385,39.86503,2.01,159.05,159.05,122.2,122.2,1.01,-0.8,159.05,120,100,183,20,10,50,50,1,2,252,252,9,5,4
116.49388,39.86494,1.96,160.27,160.27,122.01,122.01,1.01,-0.8,160.27,120,100,182,20,10,50,50,1,2,252,252,9,5,4
116.49395,39.86474,1.99,163.19,163.19,121.57,121.57,1.01,-0.8,163.19,120,100,180,20,10,50,50,1,2,252,252,9,5,4
116.49398,39.86465,1.96,164.5,164.5,121.41,121.41,1.01,-0.8,164.5,120,100,179,20,10,50,50,1,2,252,252,9,5,4
116.49403,39.86445,1.95,167.05,167.05,120.94,120.94,1.01,-0.8,167.05,120,100,177,20,10,50,50,1,2,252,252,9,5,4
116.49405,39.86435,1.94,168.54,168.54,120.68,120.68,1.01,-0.8,168.54,120,100,176,20,10,50,50,1,2,252,252,9,5,4
116.49407,39.86425,1.92,169.8,169.8,120.43,120.43,1.01,-0.8,169.8,120,100,174,20,10,50,50,1,2,252,252,9,5,4
116.49408,39.86415,1.98,170.91,170.91,120.17,120.17,1.01,-0.8,170.91,120,100,173,20,10,50,50,1,2,252,252,9,5,4
116.49411,39.86395,2,173.13,173.13,119.64,119.64,1.01,-0.8,173.13,120,100,171,20,10,50,50,1,2,252,252,9,5,4
116.49412,39.86385,2,174.07,174.07,119.38,119.38,1.01,-0.8,174.07,120,100,170,20,10,50,50,1,2,252,252,9,5,4
116.49414,39.86365,1.95,175.54,175.54,118.83,118.83,1.01,-0.8,175.54,120,100,168,20,10,50,50,1,2,252,252,9,5,4
116.49415,39.86355,1.99,176.55,176.55,118.55,118.55,1.01,-0.8,176.55,120,100,167,20,10,50,50,1,2,252,252,9,5,4
116.49416,39.86335,1.94,178.12,178.12,117.99,117.99,1.01,-0.8,178.12,120,100,166,20,10,50,50,1,2,252,252,9,5,4
116.49416,39.86325,1.95,178.95,178.95,117.69,117.69,1.01,-0.8,178.95,120,100,165,20,10,50,50,1,2,252,252,9,5,4
116.49416,39.86325,1.95,178.95,178.95,117.69,117.69,1.01,-0.8,178.95,120,100,164,20,10,50,50,1,2,252,252,9,5,4
116.49416,39.86305,1.95,180.81,180.81,117.09,117.09,1.01,-0.8,180.81,120,100,162,20,10,50,50,1,2,252,252,9,5,4
116.49415,39.86284,2.02,181.77,181.77,116.42,116.42,1.01,-0.8,181.77,120,100,161,20,10,50,50,1,2,252,252,9,5,4
116.49415,39.86274,1.95,182.06,182.06,116.12,116.12,1.01,-0.8,182.06,120,100,160,20,10,50,50,1,2,252,252,9,5,4
116.49414,39.86254,1.96,183.14,183.14,115.49,115.49,1.01,-0.8,183.14,120,100,158,20,10,50,50,1,2,252,252,9,5,4
116.49413,39.86244,1.9,183.45,183.45,115.17,115.17,1.01,-0.8,183.45,120,100,157,20,10,50,50,1,2,252,252,9,5,4
116.49412,39.86224,1.9,184.36,184.36,114.53,114.53,1.01,-0.8,184.36,120,100,156,20,10,50,50,1,2,252,252,9,5,4
116.49411,39.86214,1.94,184.91,184.91,114.2,114.2,1.01,-0.8,184.91,120,100,155,20,10,50,50,1,2,252,252,9,5,4
116.49409,39.86194,1.92,185.47,185.47,113.89,113.89,1.01,-0.8,185.47,120,100,154,20,10,50,50,1,2,252,252,9,5,4
116.49409,39.86194,1.92,185.47,185.47,113.52,113.52,1.01,-0.8,185.47,120,100,153,20,10,50,50,1,2,252,252,9,5,4
116.49407,39.86173,2,185.89,185.89,112.83,112.83,1.01,-0.8,185.89,120,100,152,20,10,50,50,1,2,252,252,9,5,4
116.49406,39.86163,1.97,185.83,185.83,112.49,112.49,1.01,-0.8,185.83,120,100,151,20,10,50,50,1,2,252,252,9,5,4
116.49404,39.86143,1.96,185.72,185.72,111.83,111.83,1.01,-0.8,185.72,120,100,150,20,10,50,50,1,2,252,252,9,5,4
116.49403,39.86133,1.94,185.85,185.85,111.5,111.5,1.01,-0.8,185.85,120,100,149,20,10,50,50,1,2,252,252,9,5,4
116.49401,39.86113,1.99,185.61,185.61,110.82,110.82,1.01,-0.8,185.61,120,100,148,20,10,50,50,1,2,252,252,9,5,4
116.494,39.86103,2.02,185.72,185.72,110.47,110.47,1.01,-0.8,185.72,120,100,148,20,10,50,50,1,2,252,252,9,5,4
116.49398,39.86083,1.98,185.65,185.65,110.13,110.13,1.01,-0.8,185.65,120,100,147,20,10,50,50,1,2,252,252,9,5,4
116.49398,39.86083,1.98,185.65,185.65,109.78,109.78,1.01,-0.8,185.65,120,100,146,20,10,50,50,1,2,252,252,9,5,4
116.49398,39.86083,1.98,185.65,185.65,109.78,109.78,1.01,-0.8,185.65,120,100,146,20,10,50,50,1,2,252,252,9,5,4
116.49396,39.86063,1.98,184.97,184.97,109.08,109.08,1.01,-0.8,184.97,120,100,145,20,10,50,50,1,2,252,252,9,5,4
116.49395,39.86043,1.97,184.69,184.69,108.4,108.4,1.01,-0.8,184.69,120,100,144,20,10,50,50,1,2,252,252,9,5,4
116.49394,39.86032,2.01,184.29,184.29,108.03,108.03,1.01,-0.8,184.29,120,100,144,20,10,50,50,1,2,252,252,9,5,4
116.49393,39.86012,1.97,183.99,183.99,107.33,107.33,1.01,-0.8,183.99,120,100,143,20,10,50,50,1,2,252,252,9,5,4
116.49392,39.86002,1.95,183.73,183.73,106.98,106.98,1.01,-0.8,183.73,120,100,142,20,10,50,50,1,2,252,252,9,5,4
116.49391,39.85982,1.92,183.07,183.07,106.29,106.29,1.01,-0.8,183.07,120,100,141,20,10,50,50,1,2,252,252,9,5,4
116.4939,39.85972,1.96,183.09,183.09,105.92,105.92,1.01,-0.8,183.09,120,100,141,20,10,50,50,1,2,252,252,9,5,4
116.4939,39.85962,1.94,183.35,183.35,105.57,105.57,1.01,-0.8,183.35,120,100,140,20,10,50,50,1,2,252,252,9,5,4
116.49389,39.85952,1.93,183.58,183.58,105.21,105.21,1.01,-0.8,183.58,120,100,139,20,10,50,50,1,2,252,252,9,5,4
116.49388,39.85932,1.91,183.31,183.31,104.51,104.51,1.01,-0.8,183.31,121,100,138,20,10,50,50,1,2,252,252,9,5,4
116.49387,39.85922,1.98,182.81,182.81,104.15,104.15,1.01,-0.8,182.81,122,100,137,20,10,50,50,1,2,252,252,9,5,4
116.49386,39.859,2.13,181.54,181.54,103.37,103.37,1.01,-0.8,181.54,124,100,137,20,10,50,50,1,2,252,252,9,5,4
116.49386,39.85888,2.35,181.06,181.06,102.95,102.95,1.01,-0.8,181.06,125,100,136,20,10,50,50,1,2,252,252,9,5,4
116.49386,39.85863,2.59,180.4,180.4,102.06,102.06,1.01,-0.8,180.4,127,100,135,20,10,50,50,1,2,252,252,9,5,4
116.49386,39.85849,2.58,179.65,179.65,101.56,101.56,1.01,-0.8,179.65,128,100,135,20,10,50,50,1,2,252,252,9,5,4
116.49386,39.85836,2.91,178.76,178.76,101.09,101.09,1.01,-0.8,178.76,130,100,135,20,10,50,50,1,2,252,252,9,5,4
116.49386,39.85821,2.85,178.18,178.18,100.55,100.55,1.01,-0.8,178.18,131,100,134,20,10,50,50,1,2,252,252,9,5,4
116.49388,39.8579,3.03,176.63,176.63,99.44,99.44,1.01,-0.8,176.63,133,100,134,20,10,50,50,1,2,252,252,9,5,4
116.49389,39.85774,3.27,175.48,175.48,98.86,98.86,1.01,-0.8,175.48,134,100,133,20,10,50,50,1,2,252,252,9,5,4
116.49392,39.8574,3.43,173.06,173.06,97.62,97.62,1.01,-0.8,173.06,136,100,133,20,10,50,50,1,2,252,252,9,5,4
116.49395,39.85722,3.46,171.81,171.81,96.98,96.98,1.01,-0.8,171.81,137,100,133,20,10,50,50,1,2,252,252,9,5,4
116.49401,39.85685,3.67,169.17,169.17,95.63,95.63,1.01,-0.8,169.17,139,100,133,20,10,50,50,1,2,252,252,9,5,4
116.49401,39.85685,3.67,169.17,169.17,95.63,95.63,1.01,-0.8,169.17,140,100,133,20,10,50,50,1,2,252,252,9,5,4
116.49409,39.85647,3.96,166.39,166.39,94.23,94.23,1.01,-0.8,166.39,142,100,133,20,10,50,50,1,2,252,252,9,5,4
116.49414,39.85627,4.03,164.94,164.94,93.49,93.49,1.01,-0.8,164.94,143,100,133,20,10,50,50,1,2,252,252,9,5,4
116.49427,39.85585,4.34,161.91,161.91,91.92,91.92,1.01,-0.8,161.91,145,100,133,20,10,50,50,1,2,252,252,9,5,4
116.49434,39.85564,4.31,160.32,160.32,91.11,91.11,1.01,-0.8,160.32,146,100,133,20,10,50,50,1,2,252,252,9,5,4
116.49451,39.85521,4.55,157.06,157.06,89.45,89.45,1.01,-0.8,157.06,148,100,133,20,10,50,50,1,2,252,252,9,5,4
116.49461,39.85499,4.78,155.38,155.38,88.57,88.57,1.01,-0.8,155.38,149,100,133,20,10,50,50,1,2,252,252,9,5,4
116.49482,39.85455,4.73,151.92,151.92,86.82,86.82,1.01,-0.8,151.92,151,100,133,20,10,50,50,1,2,252,252,9,5,4
116.49482,39.85455,4.73,151.92,151.92,86.82,86.82,1.01,-0.8,151.92,152,100,133,20,10,50,50,1,2,252,252,9,5,4
116.49508,39.85411,5.17,148.35,148.35,84.98,84.98,1.01,-0.8,148.35,154,100,133,20,10,50,50,1,2,252,252,9,5,4
116.49522,39.85389,5.24,146.48,146.48,84.05,84.05,1.01,-0.8,146.48,155,100,133,20,10,50,50,1,2,252,252,9,5,4
116.49531,39.85375,0,145.32,145.32,83.42,83.42,1.01,-0.8,145.32,157,100,133,20,10,50,50,1,2,252,252,9,5,4
116.49531,39.85375,0,145.32,145.32,83.42,83.42,1.01,-0.8,145.32,158,100,133,20,10,50,50,1,2,252,252,9,5,4
116.49563,39.85333,5.9,141.58,141.58,81.53,81.53,1.01,-0.8,141.58,160,100,133,20,10,50,50,1,2,252,252,9,5,4
116.49582,39.85309,5.94,139.45,139.45,80.42,80.42,1.01,-0.8,139.45,161,100,133,20,10,50,50,1,2,252,252,9,5,4
116.49603,39.85286,6.07,137.26,137.26,79.3,79.3,1.01,-0.8,137.26,163,100,133,20,10,50,50,1,2,252,252,9,5,4
116.49625,39.85264,6.05,135.06,135.06,78.18,78.18,1.01,-0.8,135.06,164,100,133,20,10,50,50,1,2,252,252,9,5,4
116.49671,39.85221,6.42,130.94,130.94,75.9,75.9,1.01,-0.8,130.94,166,100,134,20,10,50,50,1,2,252,252,9,5,4
116.49697,39.85199,6.47,129.67,129.67,74.64,74.64,1.01,-0.8,129.67,167,100,134,20,10,50,50,1,2,252,252,9,5,4
116.49751,39.85157,6.81,125.42,125.42,72.1,72.1,1.01,-0.8,125.42,169,100,134,20,10,50,50,1,2,252,252,9,5,4
116.4978,39.85138,6.84,122.85,122.85,70.83,70.83,1.01,-0.8,122.85,170,100,134,20,10,50,50,1,2,252,252,9,5,4
116.49842,39.85101,7.09,119.36,119.36,68.08,68.08,1.01,-0.8,119.36,172,100,134,20,10,50,50,1,2,252,252,9,5,4
116.49842,39.85101,7.09,119.36,119.36,68.08,68.08,1.01,-0.8,119.36,173,100,134,20,10,50,50,1,2,252,252,9,5,4
116.49907,39.85067,7.19,114.62,114.62,65.25,65.25,1.01,-0.8,114.62,175,100,134,20,10,50,50,1,2,252,252,9,5,4
116.49941,39.85053,7.35,111,111,63.83,63.83,1.01,-0.8,111,176,100,135,20,10,50,50,1,2,252,252,9,5,4
116.50014,39.8503,7.66,105.5,105.5,60.92,60.92,1.01,-0.8,105.5,178,100,136,20,10,50,50,1,2,252,252,9,5,4
116.50052,39.8502,7.62,104.12,104.12,59.38,59.38,1.01,-0.8,104.12,179,100,136,20,10,50,50,1,2,252,252,9,5,4
116.50131,39.85002,7.8,101.05,101.05,56.03,56.03,1.01,-0.8,101.05,181,100,135,20,10,50,50,1,2,252,252,9,5,4
116.50171,39.84995,8.06,98.38,98.38,54.29,54.29,1.01,-0.8,98.38,182,100,136,20,10,50,50,1,2,252,252,9,5,4
116.50254,39.84987,8.27,93.37,93.37,50.62,50.62,1.01,-0.8,93.37,184,100,136,20,10,50,50,1,2,252,252,9,5,4
116.50254,39.84987,8.27,93.37,93.37,50.62,50.62,1.01,-0.8,93.37,185,100,136,20,10,50,50,1,2,252,252,9,5,4
116.50339,39.84984,8.26,91.76,91.76,46.62,46.62,1.01,-0.8,91.76,187,100,134,20,10,50,50,1,2,252,252,9,5,4
116.50382,39.84983,8.52,90.96,90.96,44.35,44.35,1.01,-0.8,90.96,188,100,133,20,10,50,50,1,2,252,252,9,5,4
116.50472,39.84985,8.83,86.06,86.06,39.26,39.26,1.01,-0.8,86.06,190,100,132,20,10,50,50,1,2,252,252,9,5,4
116.50517,39.84989,8.95,82.14,82.14,36.53,36.53,1.01,-0.8,82.14,191,100,133,20,10,50,50,1,2,252,252,9,5,4
116.50608,39.85007,9.15,76.6,76.6,30.75,30.75,1.01,-0.8,76.6,193,100,132,20,10,50,50,1,2,252,252,9,5,4
116.50654,39.8502,9.23,73.42,73.42,27.46,27.46,1.01,-0.8,73.42,194,100,132,20,10,50,50,1,2,252,252,9,5,4
116.50744,39.85053,9.42,66.29,66.29,20.23,20.23,1.01,-0.8,66.29,196,100,131,20,10,50,50,1,2,252,252,9,5,4
116.50744,39.85053,9.42,66.29,66.29,20.23,20.23,1.01,-0.8,66.29,197,100,131,20,10,50,50,1,2,252,252,9,5,4
116.50832,39.85096,9.74,62.24,62.24,11.43,11.43,1.01,-0.8,62.24,199,100,128,20,10,50,50,1,2,252,252,9,5,4
116.50876,39.85121,9.77,58.88,58.88,6.4,6.4,1.01,-0.8,58.88,199,100,127,20,10,50,50,1,2,252,252,9,5,4
116.50958,39.8518,9.87,48.5,48.5,-11.24,-11.24,1.01,-0.8,48.5,199,100,122,20,10,50,50,1,3,252,252,9,5,4
116.50994,39.85216,9.87,43.27,43.27,-11.64,-11.64,1.01,-0.8,43.27,199,100,124,20,10,50,50,1,3,252,252,9,5,4
116.51057,39.85295,9.87,34.25,34.25,-12.39,-12.39,1.01,-0.8,34.25,199,100,128,20,10,50,50,1,3,252,252,9,5,4
116.51083,39.85338,9.83,28.31,28.31,-12.72,-12.72,1.01,-0.8,28.31,199,100,131,20,10,50,50,1,3,252,252,9,5,4
116.51123,39.85432,9.83,19.08,19.08,-13.31,-13.31,1.01,-0.8,19.08,199,100,136,20,10,50,50,1,3,252,252,9,5,4
116.51138,39.8548,9.89,16.3,16.3,-13.31,-13.31,1.01,-0.8,16.3,199,100,135,20,10,50,50,1,3,252,252,9,5,4
116.51151,39.85529,9.84,13.87,13.87,-13.81,-13.81,1.01,-0.8,13.87,199,100,138,20,10,50,50,1,3,252,252,9,5,4
116.51162,39.85578,9.82,10.24,10.24,-14.04,-14.04,1.01,-0.8,10.24,199,100,139,20,10,50,50,1,3,252,252,9,5,4
116.51173,39.85679,9.84,3.5,3.5,-14.39,-14.39,1.01,-0.8,3.5,199,100,143,20,10,50,50,1,3,252,252,9,5,4
116.51175,39.8573,9.82,1.96,1.96,-14.54,-14.54,1.01,-0.8,1.96,199,100,143,20,10,50,50,1,3,252,252,9,5,4
116.51178,39.85831,9.83,0.95,0.95,-14.85,-14.85,1.01,-0.8,0.95,199,100,144,20,10,50,50,1,3,252,252,9,5,4
116.51178,39.85882,9.89,-296.24,-296.24,-14.99,-14.99,1.01,-0.8,-296.24,199,100,144,20,10,50,50,1,3,252,252,9,5,4
116.51174,39.85983,9.83,-297.6,-297.6,-15.1,-15.1,1.01,-0.8,-297.6,199,100,145,20,10,50,50,1,3,252,252,9,5,4
116.51174,39.85983,9.83,-297.6,-297.6,-15.23,-15.23,1.01,-0.8,-297.6,199,100,145,20,10,50,50,1,3,252,252,9,5,4
116.51172,39.86084,9.89,-296.98,-296.98,-15.49,-15.49,1.01,-0.8,-296.98,199,100,144,20,10,50,50,1,3,252,252,9,5,4
116.5117,39.86135,9.85,-298.14,-298.14,-15.63,-15.63,1.01,-0.8,-298.14,199,100,145,20,10,50,50,1,3,252,252,9,5,4
116.51162,39.86236,9.82,-300.26,-300.26,-15.85,-15.85,1.01,-0.8,-300.26,199,100,146,20,10,50,50,1,3,252,252,9,5,4
116.51158,39.86286,9.83,-299.95,-299.95,-15.96,-15.96,1.01,-0.8,-299.95,199,100,145,20,10,50,50,1,3,252,252,9,5,4
116.51151,39.86387,9.88,-299.85,-299.85,-16.21,-16.21,1.01,-0.8,-299.85,199,100,145,20,10,50,50,1,3,252,252,9,5,4
116.51146,39.86438,9.87,-301.08,-301.08,-16.31,-16.31,1.01,-0.8,-301.08,199,100,146,20,10,50,50,1,3,252,252,9,5,4
116.51146,39.86438,9.87,-302.31,-302.31,-16.31,-16.31,1.01,-0.8,-302.31,199,100,146,20,10,50,50,1,3,252,252,9,5,4
116.51134,39.86539,9.83,-303.36,-303.36,-16.51,-16.51,1.01,-0.8,-303.36,199,100,147,20,10,50,50,1,3,252,252,9,5,4
116.5112,39.86639,9.85,-302.52,-302.52,-16.7,-16.7,1.01,-0.8,-302.52,199,100,146,20,10,50,50,1,3,252,252,9,5,4
116.51114,39.86689,9.88,-302.83,-302.83,-16.82,-16.82,1.01,-0.8,-302.83,199,100,146,20,10,50,50,1,3,252,252,9,5,4
116.51099,39.8679,9.84,-303.79,-303.79,-17.01,-17.01,1.01,-0.8,-303.79,199,100,146,20,10,50,50,1,3,252,252,9,5,4
116.51092,39.8684,9.87,-303.19,-303.19,-17.11,-17.11,1.01,-0.8,-303.19,199,100,146,20,10,50,50,1,3,252,252,9,5,4
116.51077,39.8694,9.82,-304.64,-304.64,-17.31,-17.31,1.01,-0.8,-304.64,199,100,147,20,10,50,50,1,3,252,252,9,5,4
116.51069,39.8699,9.83,-304.33,-304.33,-17.4,-17.4,1.01,-0.8,-304.33,199,100,146,20,10,50,50,1,3,252,252,9,5,4
116.51062,39.8704,9.86,-302.79,-302.79,-17.52,-17.52,1.01,-0.8,-302.79,199,100,145,20,10,50,50,1,3,252,252,9,5,4
116.51056,39.8709,9.86,-300.17,-300.17,-17.63,-17.63,1.01,-0.8,-300.17,199,100,144,20,10,50,50,1,3,252,252,9,5,4
116.51051,39.87191,9.87,-297.59,-297.59,-18.01,-18.01,1.01,-0.8,-297.59,199,100,142,20,10,50,50,1,3,252,252,9,5,4
116.51049,39.87242,9.83,-298.14,-298.14,-18.19,-18.19,1.01,-0.8,-298.14,199,100,142,20,10,50,50,1,3,252,252,9,5,4
116.51041,39.87343,9.84,-301.65,-301.65,-18.54,-18.54,1.01,-0.8,-301.65,199,100,144,20,10,50,50,1,3,252,252,9,5,4
116.51035,39.87393,9.82,-303.31,-303.31,-18.69,-18.69,1.01,-0.8,-303.31,199,100,144,20,10,50,50,1,3,252,252,9,5,4
116.5102,39.87494,9.88,-303.71,-303.71,-18.97,-18.97,1.01,-0.8,-303.71,199,100,144,20,10,50,50,1,3,252,252,9,5,4
116.51012,39.87544,9.81,-304.63,-304.63,-19.1,-19.1,1.01,-0.8,-304.63,199,100,145,20,10,50,50,1,3,252,252,9,5,4
116.51003,39.87594,9.81,-306.79,-306.79,-19.23,-19.23,1.01,-0.8,-306.79,199,100,146,20,10,50,50,1,3,252,252,9,5,4
116.50992,39.87643,9.81,-309.29,-309.29,-19.3,-19.3,1.01,-0.8,-309.29,199,100,147,20,10,50,50,1,3,252,252,9,5,4
116.50965,39.87741,9.87,-310.64,-310.64,-19.43,-19.43,1.01,-0.8,-310.64,199,100,148,20,10,50,50,1,3,252,252,9,5,4
116.50965,39.87791,9.87,-309.47,-309.47,-19.7,-19.7,1.01,-0.8,-309.47,199,100,147,20,10,50,50,1,3,252,252,9,5,4
116.50929,39.87888,9.87,-308.57,-308.57,-19.69,-19.69,1.01,-0.8,-308.57,199,100,146,20,10,50,50,1,3,252,252,9,5,4
116.50917,39.87938,9.83,-309.06,-309.06,-19.78,-19.78,1.01,-0.8,-309.06,199,100,146,20,10,50,50,1,3,252,252,9,5,4
116.50893,39.88036,9.82,-310.05,-310.05,-19.96,-19.96,1.01,-0.8,-310.05,199,100,147,20,10,50,50,1,3,252,252,9,5,4
116.50893,39.88036,9.82,-310.05,-310.05,-19.96,-19.96,1.01,-0.8,-310.05,199,100,147,20,10,50,50,1,3,252,252,9,5,4
116.50866,39.88134,9.82,-311.03,-311.03,-20.1,-20.1,1.01,-0.8,-311.03,199,100,147,20,10,50,50,1,3,252,252,9,5,4
116.50852,39.88182,9.84,-311.52,-311.52,-20.17,-20.17,1.01,-0.8,-311.52,199,100,147,20,10,50,50,1,3,252,252,9,5,4
116.50823,39.88279,9.83,-312.51,-312.51,-20.29,-20.29,1.01,-0.8,-312.51,199,100,148,20,10,50,50,1,3,252,252,9,5,4
116.50808,39.88328,9.86,-312.45,-312.45,-20.35,-20.35,1.01,-0.8,-312.45,199,100,148,20,10,50,50,1,3,252,252,9,5,4
116.5078,39.88425,9.83,-309.99,-309.99,-20.49,-20.49,1.01,-0.8,-309.99,199,100,146,20,10,50,50,1,3,252,252,9,5,4
116.