116.33486,39.88156,1.01,-0.8,0,0,276.43,0,0,0,1,9,9,252,232,232,124,0,0,0,3,3,4
116.33384,39.88157,1.01,-0.8,0,0,266,0,0,0,1,9,9,252,232,232,124,0,0,0,3,5,4
116.33333,39.88151,1.01,-0.8,0,0,260.78,0,0,0,1,9,9,252,232,232,124,0,0,0,3,5,4
116.33234,39.88125,1.01,-0.8,0,0,250.35,0,0,0,1,9,9,252,232,232,124,0,0,0,3,5,4
116.33187,39.88106,1.01,-0.8,0,0,245.13,0,0,0,1,9,9,252,232,232,124,0,0,0,3,5,4
116.33099,39.88054,1.01,-0.8,0,0,234.7,0,0,0,1,9,9,252,232,232,124,0,0,0,3,5,4
116.33059,39.88023,1.01,-0.8,0,0,229.48,0,0,0,1,9,9,252,232,232,124,0,0,0,3,5,4
116.33021,39.87987,1.01,-0.8,0,0,224.26,0,0,0,1,9,9,252,232,232,124,0,0,0,3,5,4
116.32988,39.87949,1.01,-0.8,0,0,219.05,0,0,0,1,9,9,252,232,232,124,0,0,0,3,5,4
116.32931,39.87864,1.01,-0.8,0,0,208.61,0,0,0,1,9,9,252,232,232,124,0,0,0,3,5,4
116.32931,39.87864,1.01,-0.8,0,0,208.61,0,0,0,1,9,9,252,232,232,124,0,0,0,3,5,4
116.32878,39.87721,1.01,-0.8,0,0,192.96,0,0,0,1,9,9,252,232,232,124,0,0,0,3,5,4
116.32869,39.87671,1.01,-0.8,0,0,187.75,0,0,0,1,9,9,252,232,232,124,0,0,0,3,5,4
116.32865,39.87569,1.01,-0.8,0,0,177.31,0,0,0,1,9,9,252,232,232,124,0,0,0,3,5,4
116.32865,39.87519,1.01,-0.8,0,0,172.09,0,0,0,1,9,9,252,232,232,124,0,0,0,3,5,4
116.32893,39.87418,1.01,-0.8,0,0,161.66,0,0,0,1,9,9,252,232,232,124,0,0,0,3,5,4
116.32893,39.87418,1.01,-0.8,0,0,161.66,0,0,0,1,9,9,252,232,232,124,0,0,0,3,5,4
116.32934,39.87325,1.01,-0.8,0,0,151.23,0,0,0,1,9,9,252,232,232,124,0,0,0,3,5,4
116.32961,39.87281,1.01,-0.8,0,0,146.01,0,0,0,1,9,9,252,232,232,124,0,0,0,3,5,4
116.33026,39.87203,1.01,-0.8,0,0,135.58,0,0,0,1,9,9,252,232,232,124,0,0,0,3,5,4
116.33064,39.87168,1.01,-0.8,0,0,130.36,0,0,0,1,9,9,252,232,232,124,0,0,0,3,5,4
116.33147,39.8711,1.01,-0.8,0,0,119.93,0,0,0,1,9,9,252,232,232,124,0,0,0,3,5,4
116.33193,39.87086,1.01,-0.8,0,0,114.71,0,0,0,1,9,9,252,232,232,124,0,0,0,3,5,4
116.33289,39.87053,1.01,-0.8,0,0,104.28,0,0,0,1,9,9,252,232,232,124,0,0,0,3,5,4
116.33289,39.87053,1.01,-0.8,0,0,104.28,0,0,0,1,9,9,252,232,232,124,0,0,0,3,5,4
116.33339,39.87043,1.01,-0.8,0,0,99.06,0,0,0,1,9,9,252,232,232,124,0,0,0,3,5,4
116.3339,39.87037,1.01,-0.8,0,0,93.84,0,0,0,1,9,9,252,232,232,124,0,0,0,3,5,4
116.33492,39.8704,1.01,-0.8,0,0,83.41,0,0,0,1,9,9,252,232,232,124,0,0,0,3,5,4
116.33543,39.87048,1.01,-0.8,0,0,78.19,0,0,0,1,9,9,252,232,232,124,0,0,0,3,5,4
116.3364,39.87079,1.01,-0.8,0,0,67.76,0,0,0,1,9,9,252,232,232,124,0,0,0,3,5,4
116.33686,39.871,1.01,-0.8,0,0,62.54,0,0,0,1,9,9,252,232,232,124,0,0,0,3,5,4
116.33731,39.87126,1.01,-0.8,0,0,57.32,0,0,0,1,9,9,252,232,232,124,0,0,0,3,5,4
116.33772,39.87156,1.01,-0.8,0,0,52.11,0,0,0,1,9,9,252,232,232,124,0,0,0,3,5,4
116.33846,39.87226,1.01,-0.8,0,0,41.67,0,0,0,1,9,9,252,232,232,124,0,0,0,3,5,4
116.33878,39.87266,1.01,-0.8,0,0,36.46,0,0,0,1,9,9,252,232,232,124,0,0,0,3,5,4
116.33931,39.87353,1.01,-0.8,0,0,26.02,0,0,0,1,9,9,252,232,232,125,0,0,0,3,5,4
116.33951,39.874,1.01,-0.8,0,0,20.81,0,0,0,1,9,9,252,232,232,125,0,0,0,3,5,4
116.33978,39.87499,1.01,-0.8,0,0,10.37,0,0,0,1,9,9,252,232,232,124,0,0,0,3,5,4
116.33985,39.8755,1.01,-0.8,0,0,5.16,0,0,0,1,9,9,252,232,232,124,0,0,0,3,5,4
116.33987,39.87601,1.01,-0.8,0,0,-295.42,0,0,0,1,9,9,252,232,232,124,0,0,0,3,5,4
116.33984,39.87652,1.01,-0.8,0,0,-300.64,0,0,0,1,9,9,252,232,232,124,0,0,0,3,5,4
116.33965,39.87752,1.01,-0.8,0,0,-311.07,0,0,0,1,9,9,252,232,232,124,0,0,0,3,5,4
116.33949,39.878,1.01,-0.8,0,0,-316.29,0,0,0,1,9,9,252,232,232,125,0,0,0,3,5,4
116.33903,39.87892,1.01,-0.8,0,0,-326.72,0,0,0,1,9,9,252,232,232,124,0,0,0,3,5,4
116.33875,39.87934,1.01,-0.8,0,0,323.42,0,0,0,1,9,9,252,232,232,124,0,0,0,3,5,4
116.33806,39.8801,1.01,-0.8,0,0,312.99,0,0,0,1,9,9,252,232,232,124,0,0,0,3,5,4
116.33806,39.8801,1.01,-0.8,0,0,312.99,0,0,0,1,9,9,252,232,232,124,0,0,0,3,5,4
116.33725,39.88072,1.01,-0.8,0,0,302.55,0,0,0,1,9,9,252,232,232,124,0,0,0,3,5,4
116.33681,39.88097,1.01,-0.8,0,0,297.34,0,0,0,1,9,9,252,232,232,124,0,0,0,3,5,4
116.33586,39.88135,1.01,-0.8,0,0,286.9,0,0,0,1,9,9,252,232,232,124,0,0,0,3,5,4
116.33537,39.88148,1.01,-0.8,0,0,281.69,0,0,0,1,9,9,252,232,232,124,0,0,0,3,5,4
116.33435,39.88159,1.01,-0.8,0,0,271.25,0,0,0,1,9,9,252,232,232,124,0,0,0,3,5,4
116.33384,39.88157,1.01,-0.8,0,0,266.04,0,0,0,1,9,9,252,232,232,124,0,0,0,3,5,4
116.33333,39.88151,1.01,-0.8,0,0,260.82,0,0,0,1,9,9,252,232,232,124,0,0,0,3,5,4
116.33283,39.88141,1.01,-0.8,0,0,255.6,0,0,0,1,9,9,252,232,232,124,0,0,0,3,5,4
116.33187,39.88106,1.01,-0.8,0,0,245.17,0,0,0,2,9,9,252,232,232,177,0,0,0,3,5,4
116.33142,39.88082,1.01,-0.8,0,0,239.95,0,0,0,2,9,9,252,232,232,179,0,0,0,3,5,4
116.33058,39.88024,1.01,-0.8,0,0,231.88,0,0,0,2,9,9,252,232,232,181,0,0,0,3,5,4
116.33018,39.87992,1.01,-0.8,0,0,229.7,0,0,0,2,9,9,252,232,232,182,0,0,0,3,5,4
116.32941,39.87924,1.01,-0.8,0,0,229.08,0,0,0,2,9,9,252,232,232,182,0,0,0,3,5,4
116.32902,39.87891,1.01,-0.8,0,0,230.64,0,0,0,2,9,9,252,232,232,182,0,0,0,3,5,4
116.32862,39.8786,1.01,-0.8,0,0,233.43,0,0,0,2,9,9,252,232,232,181,0,0,0,3,5,4
116.3282,39.87831,1.01,-0.8,0,0,237.47,0,0,0,2,9,9,252,232,232,180,0,0,0,3,5,4
116.32729,39.87785,1.01,-0.8,0,0,249.27,0,0,0,2,9,9,252,232,232,177,0,0,0,3,5,4
116.3268,39.8777,1.01,-0.8,0,0,256.35,0,0,0,3,9,9,252,232,232,194,0,0,0,3,5,4
116.32578,39.87759,1.01,-0.8,0,0,270.96,0,0,0,3,9,9,252,232,232,190,0,0,0,3,5,4
116.32528,39.87764,1.01,-0.8,0,0,279.53,0,0,0,3,9,9,252,232,232,188,0,0,0,3,5,4
116.32431,39.87797,1.01,-0.8,0,0,296.92,0,0,0,3,9,9,252,232,232,183,0,0,0,3,5,4
116.32388,39.87824,1.01,-0.8,0,0,305.27,0,0,0,3,9,9,252,232,232,181,0,0,0,3,5,4
116.32348,39.87856,1.01,-0.8,0,0,312.48,0,0,0,3,9,9,252,232,232,179,0,0,0,3,5,4
116.32313,39.87893,1.01,-0.8,0,0,319.44,0,0,0,3,9,9,252,232,232,177,0,0,0,3,5,4
116.32256,39.87978,1.01,-0.8,0,0,-323.31,0,0,0,3,9,9,252,232,232,173,0,0,0,3,5,4
116.32235,39.88024,1.01,-0.8,0,0,-317.41,0,0,0,3,9,9,252,232,232,172,0,0,0,3,5,4
116.32208,39.88123,1.01,-0.8,0,0,-305.27,0,0,0,3,9,9,252,232,232,169,0,0,0,3,5,4
116.32201,39.88174,1.01,-0.8,0,0,-300.98,0,0,0,3,9,9,252,232,232,167,0,0,0,3,5,4
116.32199,39.88276,1.01,-0.8,0,0,3.94,0,0,0,3,9,9,252,232,232,165,0,0,0,3,5,4
116.32206,39.88326,1.01,-0.8,0,0,10.59,0,0,0,3,9,9,252,232,232,163,0,0,0,3,5,4
116.32219,39.88376,1.01,-0.8,0,0,17.11,0,0,0,3,9,9,252,232,232,161,0,0,0,3,5,4
116.32236,39.88424,1.01,-0.8,0,0,22.39,0,0,0,3,9,9,252,232,232,160,0,0,0,3,5,4
116.32282,39.88515,1.01,-0.8,0,0,29.22,0,0,0,0,9,9,252,232,232,169,0,0,0,3,5,4
116.32308,39.88559,1.01,-0.8,0,0,31.89,0,0,0,0,9,9,252,232,232,168,0,0,0,3,5,4
116.32368,39.88642,1.01,-0.8,0,0,40.96,0,0,0,0,9,9,252,232,232,166,0,0,0,3,5,4
116.32404,39.88678,1.01,-0.8,0,0,47.2,0,0,0,0,9,9,252,232,232,164,0,0,0,3,5,4
116.32443,39.88711,1.01,-0.8,0,0,52.73,0,0,0,0,9,9,252,232,232,163,0,0,0,3,5,4
116.32485,39.8874,1.01,-0.8,0,0,57.02,0,0,0,0,9,9,252,232,232,161,0,0,0,3,5,4
116.32529,39.88767,1.01,-0.8,0,0,60.06,0,0,0,0,9,9,252,232,232,161,0,0,0,3,5,4
116.32574,39.88791,1.01,-0.8,0,0,61.94,0,0,0,0,9,9,252,232,232,160,0,0,0,3,5,4
116.32666,39.88835,1.01,-0.8,0,0,67.13,0,0,0,0,9,9,252,232,232,159,0,0,0,3,5,4
116.32713,39.88854,1.01,-0.8,0,0,68.68,0,0,0,0,9,9,252,232,232,158,0,0,0,3,5,4
116.3281,39.88888,1.01,-0.8,0,0,72.52,0,0,0,0,9,9,252,232,232,157,0,0,0,3,5,4
116.32859,39.88903,1.01,-0.8,0,0,74.99,0,0,0,0,9,9,252,232,232,157,0,0,0,3,5,4
116.32958,39.88926,1.01,-0.8,0,0,78,0,0,0,0,9,9,252,232,232,156,0,0,0,3,5,4
116.33008,39.88936,1.01,-0.8,0,0,80.17,0,0,0,0,9,9,252,232,232,156,0,0,0,3,5,4
116.33109,39.88952,1.01,-0.8,0,0,81.29,0,0,0,0,9,9,252,232,232,155,0,0,0,3,5,4
116.33109,39.88952,1.01,-0.8,0,0,81.29,0,0,0,0,9,9,252,232,232,155,0,0,0,3,5,4
116.3321,39.88968,1.01,-0.8,0,0,80.42,0,0,0,0,9,9,252,232,232,155,0,0,0,3,5,4
116.33261,39.88976,1.01,-0.8,0,0,81.72,0,0,0,0,9,9,252,232,232,155,0,0,0,3,5,4
116.33362,39.88988,1.01,-0.8,0,0,84.51,0,0,0,0,9,9,252,232,232,154,0,0,0,3,5,4
116.33413,39.88992,1.01,-0.8,0,0,86.31,0,0,0,0,9,9,252,232,232,154,0,0,0,3,5,4
116.33515,39.88996,1.01,-0.8,0,0,88.42,0,0,0,0,9,9,252,232,232,153,0,0,0,3,5,4
116.33567,39.88997,1.01,-0.8,0,0,88.51,0,0,0,0,9,9,252,232,232,153,0,0,0,3,5,4
116.33618,39.88998,1.01,-0.8,0,0,89.69,0,0,0,0,9,9,252,232,232,153,0,0,0,3,5,4
116.33669,39.88998,1.01,-0.8,0,0,91.04,0,0,0,0,9,9,252,232,232,153,0,0,0,3,5,4
116.33771,39.88995,1.01,-0.8,0,0,91.61,0,0,0,0,9,9,252,232,232,153,0,0,0,3,5,4
116.33822,39.88993,1.01,-0.8,0,0,92.72,0,0,0,0,9,9,252,232,232,152,0,0,0,3,5,4
116.33924,39.88986,1.01,-0.8,0,0,95.33,0,0,0,0,9,9,252,232,232,152,0,0,0,3,5,4
116.33975,39.88981,1.01,-0.8,0,0,95.51,0,0,0,0,9,9,252,232,232,152,0,0,0,3,5,4
116.34077,39.8897,1.01,-0.8,0,0,97.03,0,0,0,0,9,9,252,232,232,151,0,0,0,3,5,4
116.34127,39.88963,1.01,-0.8,0,0,98.14,0,0,0,0,9,9,252,232,232,151,0,0,0,3,5,4
116.34178,39.88956,1.01,-0.8,0,0,98.21,0,0,0,0,9,9,252,232,232,151,0,0,0,3,5,4
116.34228,39.88949,1.01,-0.8,0,0,98.39,0,0,0,0,9,9,252,232,232,151,0,0,0,3,5,4
116.34329,39.88931,1.01,-0.8,0,0,102.49,0,0,0,0,9,9,252,232,232,150,0,0,0,3,5,4
116.34379,39.88918,1.01,-0.8,0,0,105.04,0,0,0,0,9,9,252,232,232,149,0,0,0,3,5,4
116.34477,39.8889,1.01,-0.8,0,0,106.4,0,0,0,2,9,9,252,232,232,113,0,0,0,3,5,4
116.34526,39.88876,1.01,-0.8,0,0,105.22,0,0,0,2,9,9,252,232,232,113,0,0,0,3,5,4
116.34626,39.88854,1.01,-0.8,0,0,99.14,0,0,0,2,9,9,252,232,232,115,0,0,0,3,5,4
116.34677,39.88848,1.01,-0.8,0,0,94.23,0,0,0,2,9,9,252,232,232,116,0,0,0,3,5,4
116.34728,39.88847,1.01,-0.8,0,0,88.08,0,0,0,2,9,9,252,232,232,118,0,0,0,3,5,4
116.34778,39.88852,1.01,-0.8,0,0,80.69,0,0,0,2,9,9,252,232,232,120,0,0,0,3,5,4
116.34876,39.88882,1.01,-0.8,0,0,66.91,0,0,0,2,9,9,252,232,232,123,0,0,0,3,5,4
116.34922,39.88905,1.01,-0.8,0,0,61.8,0,0,0,2,9,9,252,232,232,125,0,0,0,3,5,4
116.35006,39.88962,1.01,-0.8,0,0,50.15,0,0,0,2,9,9,252,232,232,128,0,0,0,3,5,4
116.35044,39.88997,1.01,-0.8,0,0,45.37,0,0,0,2,9,9,252,232,232,129,0,0,0,3,5,4
116.35111,39.89074,1.01,-0.8,0,0,37.17,0,0,0,2,9,9,252,232,232,131,0,0,0,3,5,4
116.3514,39.89115,1.01,-0.8,0,0,33.07,0,0,0,2,9,9,252,232,232,132,0,0,0,3,5,4
116.35167,39.89159,1.01,-0.8,0,0,28.97,0,0,0,2,9,9,252,232,232,133,0,0,0,3,5,4
116.3519,39.89205,1.01,-0.8,0,0,25.32,0,0,0,2,9,9,252,232,232,134,0,0,0,3,5,4
116.35228,39.893,1.01,-0.8,0,0,19.11,0,0,0,2,9,9,252,232,232,136,0,0,0,3,5,4
116.35228,39.893,1.01,-0.8,0,0,19.11,0,0,0,2,9,9,252,232,232,136,0,0,0,3,5,4
116.35232,39.89309,1.01,-0.8,0,0,18.33,0,0,0,2,9,9,252,232,232,136,0,0,0,3,5,4
116.35246,39.89358,1.01,-0.8,0,0,15.16,0,0,0,2,9,9,252,232,232,137,0,0,0,3,5,4
116.35269,39.89458,1.01,-0.8,0,0,10.09,0,0,0,2,9,9,252,232,232,138,0,0,0,3,5,4
116.35276,39.89508,1.01,-0.8,0,0,7.88,0,0,0,2,9,9,252,232,232,139,0,0,0,3,5,4
116.35283,39.89559,1.01,-0.8,0,0,6.02,0,0,0,2,9,9,252,232,232,139,0,0,0,3,5,4
116.35287,39.8961,1.01,-0.8,0,0,4.15,0,0,0,2,9,9,252,232,232,140,0,0,0,3,5,4
116.35291,39.89712,1.01,-0.8,0,0,0.43,0,0,0,2,9,9,252,232,232,140,0,0,0,3,5,4
116.3529,39.89763,1.01,-0.8,0,0,-296.8,0,0,0,2,9,9,252,232,232,141,0,0,0,3,5,4
116.35284,39.89865,1.01,-0.8,0,0,-300.52,0,0,0,2,9,9,252,232,232,145,0,0,0,3,5,4
116.35279,39.89916,1.01,-0.8,0,0,-302.39,0,0,0,2,9,9,252,232,232,146,0,0,0,3,5,4
116.35263,39.90017,1.01,-0.8,0,0,-305.14,0,0,0,2,9,9,252,232,232,146,0,0,0,3,5,4
116.35263,39.90017,1.01,-0.8,0,0,-305.14,0,0,0,2,9,9,252,232,232,146,0,0,0,3,5,4
116.35246,39.90118,1.01,-0.8,0,0,-304.78,0,0,0,2,9,9,252,232,232,146,0,0,0,3,5,4
116.35238,39.90168,1.01,-0.8,0,0,-305.96,0,0,0,2,9,9,252,232,232,146,0,0,0,3,5,4
116.35216,39.90269,1.01,-0.8,0,0,-307.8,0,0,0,2,9,9,252,232,232,147,0,0,0,3,5,4
116.35206,39.90319,1.01,-0.8,0,0,-307.12,0,0,0,2,9,9,252,232,232,147,0,0,0,3,5,4
116.35184,39.90418,1.01,-0.8,0,0,-308.66,0,0,0,0,9,9,252,232,232,182,0,0,0,3,5,4
116.35172,39.90468,1.01,-0.8,0,0,-309.47,0,0,0,0,9,9,252,232,232,182,0,0,0,3,5,4
116.35159,39.90518,1.01,-0.8,0,0,-309.03,0,0,0,0,9,9,252,232,232,182,0,0,0,3,5,4
116.35148,39.90568,1.01,-0.8,0,0,-307.35,0,0,0,0,9,9,252,232,232,182,0,0,0,3,5,4
116.35133,39.90669,1.01,-0.8,0,0,-300.27,0,0,0,0,9,9,252,232,232,180,0,0,0,3,5,4
116.35131,39.9072,1.01,-0.8,0,0,0.49,0,0,0,0,9,9,252,232,232,178,0,0,0,3,5,4
116.35144,39.90821,1.01,-0.8,0,0,14.5,0,0,0,0,9,9,252,232,232,175,0,0,0,3,5,4
116.3516,39.90869,1.01,-0.8,0,0,20.77,0,0,0,0,9,9,252,232,232,173,0,0,0,3,5,4
116.35205,39.90961,1.01,-0.8,0,0,30.49,0,0,0,0,9,9,252,232,232,170,0,0,0,3,5,4
116.35233,39.91004,1.01,-0.8,0,0,36.39,0,0,0,0,9,9,252,232,232,169,0,0,0,3,5,4
116.35266,39.91043,1.01,-0.8,0,0,43.53,0,0,0,0,9,9,252,232,232,167,0,0,0,3,5,4
116.35304,39.91077,1.01,-0.8,0,0,51.02,0,0,0,0,9,9,252,232,232,165,0,0,0,3,5,4
116.3539,39.91132,1.01,-0.8,0,0,62.32,0,0,0,0,9,9,252,232,232,162,0,0,0,3,5,4
116.35436,39.91154,1.01,-0.8,0,0,66.11,0,0,0,0,9,9,252,232,232,161,0,0,0,3,5,4
116.35531,39.91191,1.01,-0.8,0,0,70.11,0,0,0,0,9,9,252,232,232,160,0,0,0,3,5,4
116.3558,39.91208,1.01,-0.8,0,0,72.28,0,0,0,0,9,9,252,232,232,160,0,0,0,3,5,4
116.35679,39.91234,1.01,-0.8,0,0,77.75,0,0,0,0,9,9,252,232,232,158,0,0,0,3,5,4
116.35729,39.91244,1.01,-0.8,0,0,79.49,0,0,0,0,9,9,252,232,232,158,0,0,0,3,5,4
116.35779,39.91252,1.01,-0.8,0,0,81.57,0,0,0,0,9,9,252,232,232,157,0,0,0,3,5,4
116.3583,39.91258,1.01,-0.8,0,0,84.72,0,0,0,0,9,9,252,232,232,156,0,0,0,3,5,4
116.35932,39.91263,1.01,-0.8,0,0,88.32,0,0,0,0,9,9,252,232,232,156,0,0,0,3,5,4
116.35932,39.91265,1.01,-0.8,0,0,88.26,0,0,0,0,9,9,252,232,232,156,0,0,0,3,5,4
116.36085,39.91268,1.01,-0.8,0,0,88.65,0,0,0,0,9,9,252,232,232,156,0,0,0,3,5,4
116.36136,39.91269,1.01,-0.8,0,0,90.7,0,0,0,0,9,9,252,232,232,155,0,0,0,3,5,4
116.36238,39.91264,1.01,-0.8,0,0,93.57,0,0,0,0,9,9,252,232,232,154,0,0,0,3,5,4
116.36238,39.91264,1.01,-0.8,0,0,93.57,0,0,0,0,9,9,252,232,232,154,0,0,0,3,5,4
116.3634,39.91256,1.01,-0.8,0,0,96.28,0,0,0,0,9,9,252,232,232,154,0,0,0,3,5,4
116.36391,39.91249,1.01,-0.8,0,0,99.32,0,0,0,0,9,9,252,232,232,153,0,0,0,3,5,4
116.3649,39.91225,1.01,-0.8,0,0,107.2,0,0,0,0,9,9,252,232,232,151,0,0,0,3,5,4
116.36539,39.91208,1.01,-0.8,0,0,109.62,0,0,0,0,9,9,252,232,232,150,0,0,0,3,5,4
116.36634,39.91172,1.01,-0.8,0,0,110.76,0,0,0,0,9,9,252,232,232,150,0,0,0,3,5,4
116.36682,39.91154,1.01,-0.8,0,0,111.07,0,0,0,0,9,9,252,232,232,150,0,0,0,3,5,4
116.36777,39.91116,1.01,-0.8,0,0,111.62,0,0,0,2,9,9,252,232,232,109,0,0,0,3,5,4
116.36825,39.91098,1.01,-0.8,0,0,110.07,0,0,0,2,9,9,252,232,232,109,0,0,0,3,5,4
116.36923,39.91068,1.01,-0.8,0,0,103.23,0,0,0,2,9,9,252,232,232,110,0,0,0,3,5,4
116.36923,39.91068,1.01,-0.8,0,0,103.23,0,0,0,2,9,9,252,232,232,111,0,0,0,3,5,4
116.37024,39.91055,1.01,-0.8,0,0,91.44,0,0,0,2,9,9,252,232,232,114,0,0,0,3,5,4
116.37075,39.91057,1.01,-0.8,0,0,83.75,0,0,0,2,9,9,252,232,232,116,0,0,0,3,5,4
116.37125,39.91083,1.01,-0.8,0,0,67.86,0,0,0,2,9,9,252,232,232,121,0,0,0,3,5,4
116.37219,39.91106,1.01,-0.8,0,0,60.72,0,0,0,2,9,9,252,232,232,122,0,0,0,3,5,4
116.37303,39.91165,1.01,-0.8,0,0,49.91,0,0,0,2,9,9,252,232,232,125,0,0,0,3,5,4
116.3734,39.912,1.01,-0.8,0,0,44.13,0,0,0,2,9,9,252,232,232,127,0,0,0,3,5,4
116.37373,39.91238,1.01,-0.8,0,0,38.48,0,0,0,2,9,9,252,232,232,128,0,0,0,3,5,4
116.37403,39.9128,1.01,-0.8,0,0,34.07,0,0,0,2,9,9,252,232,232,129,0,0,0,3,5,4
116.37456,39.91367,1.01,-0.8,0,0,28.98,0,0,0,2,9,9,252,232,232,131,0,0,0,3,5,4
116.3748,39.91412,1.01,-0.8,0,0,27.78,0,0,0,2,9,9,252,232,232,131,0,0,0,3,5,4
116.37524,39.91505,1.01,-0.8,0,0,21.94,0,0,0,2,9,9,252,232,232,126,0,0,0,3,5,4
116.37541,39.91553,1.01,-0.8,0,0,17.16,0,0,0,2,9,9,252,232,232,127,0,0,0,3,5,4
116.36665,39.92395,1.01,-0.8,0,0,252.81,0,0,0,0,9,9,252,232,232,146,0,0,0,0,5,4
116.36616,39.92378,1.01,-0.8,0,0,248.59,0,0,0,0,9,9,252,232,232,147,0,0,0,0,5,4
116.3657,39.92357,1.01,-0.8,0,0,244.81,0,0,0,0,9,9,252,172,232,198,0,0,0,0,6,4
116.36479,39.9231,1.01,-0.8,0,0,240.96,0,0,0,0,9,9,252,172,232,198,0,0,0,0,6,4
116.36344,39.92238,1.01,-0.8,0,0,244.5,0,0,0,0,9,9,252,172,232,198,0,0,0,3,6,4
116.36297,39.92217,1.01,-0.8,0,0,248.16,0,0,0,0,9,9,252,172,232,198,0,0,0,3,6,4
116.36249,39.922,1.01,-0.8,0,0,253.07,0,0,0,0,9,9,252,172,232,198,0,0,0,3,6,4
116.36199,39.92188,1.01,-0.8,0,0,259.22,0,0,0,0,9,9,252,172,232,198,0,0,0,3,6,4
116.36148,39.92182,1.01,-0.8,0,0,275.12,0,0,0,0,9,9,252,172,232,198,0,0,0,3,6,4
116.35953,39.92232,1.01,-0.8,0,0,301.2,0,0,0,0,9,9,252,172,232,198,0,0,0,3,6,4
116.35912,39.92262,1.01,-0.8,0,0,309.89,0,0,0,0,9,9,252,172,232,198,0,0,0,3,6,4
116.35845,39.92339,1.01,-0.8,0,0,327.28,0,0,0,0,9,9,252,172,232,198,0,0,0,3,6,4
116.35821,39.92384,1.01,-0.8,0,0,-319.38,0,0,0,0,9,9,252,172,232,198,0,0,0,3,6,4
116.35804,39.92432,1.01,-0.8,0,0,-310.69,0,0,0,0,9,9,252,172,232,198,0,0,0,3,6,4
116.35798,39.92462,1.01,-0.8,0,0,-305.47,0,0,0,0,9,9,252,172,232,198,0,0,0,3,6,4
116.35793,39.92533,1.01,-0.8,0,0,2.06,0,0,0,0,9,9,252,172,232,198,0,0,0,3,6,4
116.35799,39.92584,1.01,-0.8,0,0,10.76,0,0,0,0,9,9,252,172,232,198,0,0,0,3,6,4
116.35834,39.9268,1.01,-0.8,0,0,28.15,0,0,0,0,9,9,252,232,232,181,0,0,0,3,5,4
116.35862,39.92723,1.01,-0.8,0,0,36.84,0,0,0,0,9,9,252,232,232,178,0,0,0,3,5,4
116.35934,39.92794,1.01,-0.8,0,0,52.11,0,0,0,0,9,9,252,232,232,174,0,0,0,3,5,4
116.35976,39.92823,1.01,-0.8,0,0,57.88,0,0,0,0,9,9,252,232,232,173,0,0,0,3,5,4
116.36021,39.92848,1.01,-0.8,0,0,62.79,0,0,0,0,9,9,252,232,232,171,0,0,0,3,5,4
116.36068,39.92869,1.01,-0.8,0,0,68.44,0,0,0,0,9,9,252,232,232,170,0,0,0,3,5,4
116.36165,39.92899,1.01,-0.8,0,0,76.76,0,0,0,0,9,9,252,232,232,168,0,0,0,3,5,4
116.36215,39.92909,1.01,-0.8,0,0,79.31,0,0,0,0,9,9,252,232,232,167,0,0,0,3,5,4
116.36317,39.92921,1.01,-0.8,0,0,87.31,0,0,0,0,9,9,252,232,232,165,0,0,0,3,5,4
116.36368,39.92922,1.01,-0.8,0,0,91.36,0,0,0,0,9,9,252,232,232,164,0,0,0,3,5,4
116.3647,39.92913,1.01,-0.8,0,0,98.56,0,0,0,0,9,9,252,232,232,162,0,0,0,3,5,4
116.3652,39.92903,1.01,-0.8,0,0,102.16,0,0,0,0,9,9,252,232,232,161,0,0,0,3,5,4
116.36569,39.92891,1.01,-0.8,0,0,105.51,0,0,0,0,9,9,252,232,232,160,0,0,0,3,5,4
116.36618,39.92876,1.01,-0.8,0,0,107.87,0,0,0,0,9,9,252,232,232,160,0,0,0,3,5,4
116.36714,39.9284,1.01,-0.8,0,0,113.68,0,0,0,0,9,9,252,232,232,158,0,0,0,3,5,4
116.3676,39.92818,1.01,-0.8,0,0,116.35,0,0,0,0,9,9,252,232,232,157,0,0,0,3,5,4
116.3685,39.92769,1.01,-0.8,0,0,120.57,0,0,0,0,9,9,252,232,232,156,0,0,0,3,5,4
116.36894,39.92743,1.01,-0.8,0,0,122.34,0,0,0,0,9,9,252,232,232,156,0,0,0,3,5,4
116.36979,39.92686,1.01,-0.8,0,0,124.82,0,0,0,0,9,9,252,232,232,155,0,0,0,3,5,4
116.36979,39.92686,1.01,-0.8,0,0,124.82,0,0,0,0,9,9,252,232,232,155,0,0,0,3,5,4
116.3706,39.92625,1.01,-0.8,0,0,129.03,0,0,0,0,9,9,252,232,232,154,0,0,0,3,5,4
116.371,39.92592,1.01,-0.8,0,0,129.99,0,0,0,0,9,9,252,232,232,154,0,0,0,3,5,4
116.37176,39.92524,1.01,-0.8,0,0,134.43,0,0,0,0,9,9,252,232,232,153,0,0,0,3,5,4
116.37212,39.92487,1.01,-0.8,0,0,136.48,0,0,0,0,9,9,252,232,232,152,0,0,0,3,5,4
116.37281,39.92412,1.01,-0.8,0,0,137.38,0,0,0,0,9,9,252,232,232,152,0,0,0,3,5,4
116.37315,39.92374,1.01,-0.8,0,0,138.48,0,0,0,0,9,9,252,232,232,151,0,0,0,3,5,4
116.37382,39.92297,1.01,-0.8,0,0,139.25,0,0,0,0,9,9,252,232,232,151,0,0,0,3,5,4
116.37415,39.92258,1.01,-0.8,0,0,140.68,0,0,0,0,9,9,252,232,232,151,0,0,0,3,5,4
116.37476,39.92176,1.01,-0.8,0,0,146.37,0,0,0,0,9,9,252,232,232,150,0,0,0,3,5,4
116.37476,39.92176,1.01,-0.8,0,0,146.37,0,0,0,0,9,9,252,232,232,149,0,0,0,3,5,4
116.3753,39.92089,1.01,-0.8,0,0,148.73,0,0,0,0,9,9,252,232,232,148,0,0,0,3,5,4
116.37557,39.92045,1.01,-0.8,0,0,148.05,0,0,0,0,9,9,252,232,232,149,0,0,0,3,5,4
116.37613,39.9196,1.01,-0.8,0,0,146.76,0,0,0,0,9,9,252,232,232,149,0,0,0,3,5,4
116.3764,39.91917,1.01,-0.8,0,0,147.94,0,0,0,0,9,9,252,232,232,149,0,0,0,3,5,4
116.37691,39.91828,1.01,-0.8,0,0,152.38,0,0,0,0,9,9,252,232,232,147,0,0,0,3,5,4
116.37714,39.91782,1.01,-0.8,0,0,153.19,0,0,0,0,9,9,252,232,232,147,0,0,0,3,5,4
116.37737,39.91737,1.01,-0.8,0,0,153.02,0,0,0,0,9,9,252,232,232,147,0,0,0,3,5,4
116.3776,39.91691,1.01,-0.8,0,0,152.77,0,0,0,0,9,9,252,232,232,147,0,0,0,3,5,4
116.37808,39.91601,1.01,-0.8,0,0,152.27,0,0,0,0,9,9,252,232,232,147,0,0,0,3,5,4
116.37831,39.91555,1.01,-0.8,0,0,152.02,0,0,0,0,9,9,252,232,232,147,0,0,0,3,5,4
116.3788,39.91465,1.01,-0.8,0,0,151.52,0,0,0,0,9,9,252,232,232,147,0,0,0,3,5,4
116.37904,39.9142,1.01,-0.8,0,0,151.28,0,0,0,0,9,9,252,232,232,147,0,0,0,3,5,4
116.37954,39.91331,1.01,-0.8,0,0,150.78,0,0,0,0,9,9,252,232,232,147,0,0,0,3,5,4
116.37979,39.91286,1.01,-0.8,0,0,150.53,0,0,0,0,9,9,252,232,232,147,0,0,0,3,5,4
116.37979,39.91286,1.01,-0.8,0,0,150.53,0,0,0,0,9,9,252,232,232,147,0,0,0,3,5,4
116.3803,39.91198,1.01,-0.8,0,0,150.03,0,0,0,0,9,9,252,232,232,147,0,0,0,3,5,4
116.38081,39.91109,1.01,-0.8,0,0,149.54,0,0,0,0,9,9,252,232,232,147,0,0,0,3,5,4
116.38107,39.91065,1.01,-0.8,0,0,149.29,0,0,0,0,9,9,252,232,232,147,0,0,0,3,5,4
116.3816,39.90978,1.01,-0.8,0,0,148.79,0,0,0,0,9,9,252,232,232,147,0,0,0,3,5,4
116.38186,39.90934,1.01,-0.8,0,0,148.54,0,0,0,0,9,9,252,232,232,148,0,0,0,3,5,4
116.3824,39.90847,1.01,-0.8,0,0,148.05,0,0,0,0,9,9,252,232,232,148,0,0,0,3,5,4
116.3824,39.90847,1.01,-0.8,0,0,148.05,0,0,0,0,9,9,252,232,232,148,0,0,0,3,5,4
116.38295,39.90761,1.01,-0.8,0,0,147.55,0,0,0,0,9,9,252,232,232,148,0,0,0,3,5,4
116.38322,39.90717,1.01,-0.8,0,0,147.3,0,0,0,0,9,9,252,232,232,148,0,0,0,3,5,4
116.38378,39.90632,1.01,-0.8,0,0,146.8,0,0,0,0,9,9,252,232,232,148,0,0,0,3,5,4
116.38406,39.90589,1.01,-0.8,0,0,146.56,0,0,0,0,9,9,252,232,232,148,0,0,0,3,5,4
116.38463,39.90504,1.01,-0.8,0,0,146.06,0,0,0,0,9,9,252,232,232,148,0,0,0,3,5,4
116.38491,39.90462,1.01,-0.8,0,0,145.81,0,0,0,0,9,9,252,232,232,148,0,0,0,3,5,4
116.38549,39.90377,1.01,-0.8,0,0,145.31,0,0,0,0,9,9,252,232,232,148,0,0,0,3,5,4
116.38549,39.90377,1.01,-0.8,0,0,145.31,0,0,0,0,9,9,252,232,232,148,0,0,0,3,5,4
116.38608,39.90293,1.01,-0.8,0,0,144.82,0,0,0,0,9,9,252,232,232,148,0,0,0,3,5,4
116.38637,39.90252,1.01,-0.8,0,0,144.57,0,0,0,0,9,9,252,232,232,148,0,0,0,3,5,4
116.38667,39.9021,1.01,-0.8,0,0,144.32,0,0,0,0,9,9,252,232,232,148,0,0,0,3,5,4
116.38727,39.90127,1.01,-0.8,0,0,143.82,0,0,0,0,9,9,252,232,232,148,0,0,0,3,5,4
116.38788,39.90045,1.01,-0.8,0,0,143.33,0,0,0,0,9,9,252,232,232,148,0,0,0,3,5,4
116.38818,39.90004,1.01,-0.8,0,0,143.08,0,0,0,0,9,9,252,232,232,148,0,0,0,3,5,4
116.3888,39.89923,1.01,-0.8,0,0,142.58,0,0,0,0,9,9,252,232,232,148,0,0,0,3,5,4
116.3888,39.89923,1.01,-0.8,0,0,142.58,0,0,0,0,9,9,252,232,232,148,0,0,0,3,5,4
116.38943,39.89842,1.01,-0.8,0,0,142.08,0,0,0,0,9,9,252,232,232,148,0,0,0,3,5,4
116.38974,39.89802,1.01,-0.8,0,0,141.84,0,0,0,0,9,9,252,232,232,148,0,0,0,3,5,4
116.39038,39.89721,1.01,-0.8,0,0,141.34,0,0,0,0,9,9,252,232,232,148,0,0,0,3,5,4
116.3907,39.89682,1.01,-0.8,0,0,141.09,0,0,0,0,9,9,252,232,232,148,0,0,0,3,5,4
116.39134,39.89602,1.01,-0.8,0,0,140.59,0,0,0,0,9,9,252,232,232,148,0,0,0,3,5,4
116.39167,39.89563,1.01,-0.8,0,0,140.35,0,0,0,0,9,9,252,232,232,148,0,0,0,3,5,4
116.39232,39.89485,1.01,-0.8,0,0,139.85,0,0,0,0,9,9,252,232,232,148,0,0,0,3,5,4
116.39232,39.89485,1.01,-0.8,0,0,139.85,0,0,0,0,9,9,252,232,232,148,0,0,0,3,5,4
116.39299,39.89407,1.01,-0.8,0,0,139.35,0,0,0,0,9,9,252,232,232,148,0,0,0,3,5,4
116.39332,39.89368,1.01,-0.8,0,0,139.1,0,0,0,0,9,9,252,232,232,148,0,0,0,3,5,4
116.39399,39.89291,1.01,-0.8,0,0,138.61,0,0,0,0,9,9,252,232,232,148,0,0,0,3,5,4
116.39433,39.89253,1.01,-0.8,0,0,138.36,0,0,0,0,9,9,252,232,232,148,0,0,0,3,5,4
116.39501,39.89176,1.01,-0.8,0,0,138.83,0,0,0,0,9,9,252,232,232,148,0,0,0,3,5,4
116.39534,39.89138,1.01,-0.8,0,0,139.64,0,0,0,0,9,9,252,232,232,148,0,0,0,3,5,4
116.39601,39.8906,1.01,-0.8,0,0,139.05,0,0,0,0,9,9,252,232,232,148,0,0,0,3,5,4
116.39601,39.8906,1.01,-0.8,0,0,139.05,0,0,0,0,9,9,252,232,232,148,0,0,0,3,5,4
116.39667,39.88982,1.01,-0.8,0,0,140.62,0,0,0,0,9,9,252,232,232,147,0,0,0,3,5,4
116.397,39.88942,1.01,-0.8,0,0,140.43,0,0,0,0,9,9,252,232,232,147,0,0,0,3,5,4
116.39766,39.88864,1.01,-0.8,0,0,139.64,0,0,0,0,9,9,252,232,232,148,0,0,0,3,5,4
116.39799,39.88826,1.01,-0.8,0,0,139.2,0,0,0,0,9,9,252,232,232,148,0,0,0,3,5,4
116.39866,39.88749,1.01,-0.8,0,0,138.61,0,0,0,0,9,9,252,232,232,148,0,0,0,3,5,4
116.399,39.88711,1.01,-0.8,0,0,137.95,0,0,0,0,9,9,252,232,232,148,0,0,0,3,5,4
116.39935,39.88673,1.01,-0.8,0,0,137.64,0,0,0,0,9,9,252,232,232,148,0,0,0,3,5,4
116.39969,39.88635,1.01,-0.8,0,0,138.5,0,0,0,0,9,9,252,232,232,147,0,0,0,3,5,4
116.40037,39.88558,1.01,-0.8,0,0,137.87,0,0,0,0,9,9,252,232,232,147,0,0,0,3,5,4
116.40072,39.88521,1.01,-0.8,0,0,136.07,0,0,0,0,9,9,252,232,232,148,0,0,0,3,5,4
116.40143,39.88448,1.01,-0.8,0,0,135.7,0,0,0,0,9,9,252,232,232,148,0,0,0,3,5,4
116.40179,39.88411,1.01,-0.8,0,0,136.48,0,0,0,0,9,9,252,232,232,148,0,0,0,3,5,4
116.4025,39.88338,1.01,-0.8,0,0,134.37,0,0,0,0,9,9,252,232,232,148,0,0,0,3,5,4
116.40287,39.88303,1.01,-0.8,0,0,132.15,0,0,0,0,9,9,252,232,232,148,0,0,0,3,5,4
116.40326,39.88269,1.01,-0.8,0,0,131.09,0,0,0,0,9,9,252,232,232,149,0,0,0,3,5,4
116.40364,39.88235,1.01,-0.8,0,0,131.28,0,0,0,0,9,9,252,232,232,149,0,0,0,3,5,4
116.40422,39.88185,1.01,-0.8,0,0,130.93,0,0,0,0,9,9,252,232,232,149,0,0,0,3,5,4
116.40441,39.88168,1.01,-0.8,0,0,130.68,0,0,0,0,9,9,252,232,232,149,0,0,0,3,5,4
116.40518,39.88101,1.01,-0.8,0,0,132.64,0,0,0,0,9,9,252,232,232,148,0,0,0,3,5,4
116.40555,39.88066,1.01,-0.8,0,0,133.45,0,0,0,0,9,9,252,232,232,148,0,0,0,3,5,4
116.4063,39.87996,1.01,-0.8,0,0,132.98,0,0,0,0,9,9,252,232,232,148,0,0,0,3,5,4
116.40667,39.87961,1.01,-0.8,0,0,132.79,0,0,0,0,9,9,252,232,232,148,0,0,0,3,5,4
116.40705,39.87926,1.01,-0.8,0,0,132.48,0,0,0,0,9,9,252,232,232,147,0,0,0,3,5,4
116.40742,39.87892,1.01,-0.8,0,0,133.41,0,0,0,0,9,9,252,232,232,147,0,0,0,3,5,4
116.40814,39.87818,1.01,-0.8,0,0,138,0,0,0,0,9,9,252,232,232,146,0,0,0,3,5,4
116.40847,39.8778,1.01,-0.8,0,0,139.18,0,0,0,0,9,9,252,232,232,145,0,0,0,3,5,4
116.40914,39.87703,1.01,-0.8,0,0,138.07,0,0,0,0,9,9,252,232,232,145,0,0,0,3,5,4
116.40949,39.87665,1.01,-0.8,0,0,137.14,0,0,0,0,9,9,252,232,232,145,0,0,0,3,5,4
116.41018,39.8759,1.01,-0.8,0,0,138.76,0,0,0,0,9,9,252,232,232,145,0,0,0,3,5,4
116.41051,39.87551,1.01,-0.8,0,0,140.06,0,0,0,0,9,9,252,232,232,144,0,0,0,3,5,4
116.41084,39.87511,1.01,-0.8,0,0,140.12,0,0,0,0,9,9,252,232,232,144,0,0,0,3,5,4
116.41117,39.87473,1.01,-0.8,0,0,138.94,0,0,0,0,9,9,252,232,232,144,0,0,0,3,5,4
116.41151,39.87435,1.01,-0.8,0,0,137.22,0,0,0,0,9,9,252,232,232,144,0,0,0,3,5,4
116.41186,39.87397,1.01,-0.8,0,0,136.51,0,0,0,0,9,9,252,232,232,144,0,0,0,3,5,4
116.41259,39.87325,1.01,-0.8,0,0,132.43,0,0,0,0,9,9,252,232,232,145,0,0,0,3,5,4
116.41297,39.87292,1.01,-0.8,0,0,130.14,0,0,0,0,9,9,252,232,232,145,0,0,0,3,5,4
116.41417,39.87195,1.01,-0.8,0,0,128.09,0,0,0,0,9,9,252,232,232,145,0,0,0,3,5,4
116.41457,39.87164,1.01,-0.8,0,0,127.28,0,0,0,0,9,9,252,232,232,145,0,0,0,3,5,4
116.41498,39.87133,1.01,-0.8,0,0,127.19,0,0,0,0,9,9,252,232,232,145,0,0,0,3,5,4
116.41581,39.87073,1.01,-0.8,0,0,123.59,0,0,0,0,9,9,252,232,232,145,0,0,0,3,5,4
116.41624,39.87047,1.01,-0.8,0,0,119.93,0,0,0,0,9,9,252,232,232,146,0,0,0,3,5,4
116.41717,39.87003,1.01,-0.8,0,0,111.13,0,0,0,0,9,9,252,232,232,148,0,0,0,3,5,4
116.41765,39.86986,1.01,-0.8,0,0,108.34,0,0,0,0,9,9,252,232,232,148,0,0,0,3,5,4
116.41863,39.86956,1.01,-0.8,0,0,106.47,0,0,0,0,9,9,252,232,232,148,0,0,0,3,5,4
116.41912,39.86942,1.01,-0.8,0,0,107.41,0,0,0,0,9,9,252,232,232,148,0,0,0,3,5,4
116.4196,39.86925,1.01,-0.8,0,0,109.5,0,0,0,0,9,9,252,232,232,147,0,0,0,3,5,4
116.42008,39.86908,1.01,-0.8,0,0,111.06,0,0,0,0,9,9,252,232,232,146,0,0,0,3,5,4
116.42103,39.86871,1.01,-0.8,0,0,110.62,0,0,0,0,9,9,252,232,232,146,0,0,0,3,5,4
116.42151,39.86853,1.01,-0.8,0,0,109.77,0,0,0,0,9,9,252,232,232,146,0,0,0,3,5,4
116.42248,39.86818,1.01,-0.8,0,0,109.99,0,0,0,0,9,9,252,232,232,145,0,0,0,3,5,4
116.42248,39.86818,1.01,-0.8,0,0,109.99,0,0,0,0,9,9,252,232,232,145,0,0,0,3,5,4
116.42393,39.86771,1.01,-0.8,0,0,106.41,0,0,0,0,9,9,252,232,232,144,0,0,0,3,5,4
116.42442,39.86756,1.01,-0.8,0,0,105.91,0,0,0,0,9,9,252,232,232,143,0,0,0,3,5,4
116.42492,39.86743,1.01,-0.8,0,0,104.97,0,0,0,0,9,9,252,232,232,136,0,0,0,3,5,4
116.42541,39.86731,1.01,-0.8,0,0,102.8,0,0,0,0,9,9,252,232,232,136,0,0,0,3,5,4
116.42642,39.86714,1.01,-0.8,0,0,96.23,0,0,0,0,9,9,252,232,232,136,0,0,0,3,5,4
116.42693,39.8671,1.01,-0.8,0,0,94.3,0,0,0,0,9,9,252,232,232,135,0,0,0,3,5,4
116.42795,39.86703,1.01,-0.8,0,0,92.81,0,0,0,0,9,9,252,232,232,131,0,0,0,3,5,4
116.42846,39.86702,1.01,-0.8,0,0,90.76,0,0,0,0,9,9,252,232,232,129,0,0,0,3,5,4
116.42948,39.86707,1.01,-0.8,0,0,82.94,0,0,0,0,9,9,252,232,232,125,0,0,0,3,5,4
116.42998,39.86716,1.01,-0.8,0,0,77.16,0,0,0,0,9,9,252,232,232,123,0,0,0,3,5,4
116.43047,39.8673,1.01,-0.8,0,0,70.51,0,0,0,0,9,9,252,232,232,121,0,0,0,3,5,4
116.43095,39.8675,1.01,-0.8,0,0,64.86,0,0,0,0,9,9,252,232,232,119,0,0,0,3,5,4
116.43183,39.86802,1.01,-0.8,0,0,53.91,0,0,0,0,9,9,252,232,232,115,0,0,0,3,5,4
116.43222,39.86835,1.01,-0.8,0,0,46.64,0,0,0,0,9,9,252,232,232,114,0,0,0,3,5,4
116.43285,39.86915,1.01,-0.8,0,0,30.74,0,0,0,0,9,9,252,232,232,113,0,0,0,3,5,4
116.43308,39.86961,1.01,-0.8,0,0,22.79,0,0,0,0,9,9,252,232,232,113,0,0,0,3,5,4
116.43333,39.87059,1.01,-0.8,0,0,6.89,0,0,0,0,9,9,252,232,232,120,0,0,0,3,5,4
116.43333,39.87059,1.01,-0.8,0,0,6.89,0,0,0,0,9,9,252,232,232,120,0,0,0,3,5,4
116.4333,39.87161,1.01,-0.8,0,0,-304.02,0,0,0,0,9,9,252,232,232,121,0,0,0,3,5,4
116.4332,39.87211,1.01,-0.8,0,0,-310.42,0,0,0,0,9,9,252,232,232,121,0,0,0,3,5,4
116.43284,39.87307,1.01,-0.8,0,0,-320.6,0,0,0,0,9,9,252,232,232,121,0,0,0,3,5,4
116.43259,39.87352,1.01,-0.8,0,0,-326.87,0,0,0,0,9,9,252,232,232,121,0,0,0,3,5,4
116.43195,39.8743,1.01,-0.8,0,0,312.4,0,0,0,0,9,9,252,232,232,122,0,0,0,3,5,4
116.43154,39.87461,1.01,-0.8,0,0,303.97,0,0,0,0,9,9,252,232,232,123,0,0,0,3,5,4
116.4311,39.87487,1.01,-0.8,0,0,296.7,0,0,0,0,9,9,252,232,232,124,0,0,0,3,5,4
116.43063,39.87507,1.01,-0.8,0,0,290.68,0,0,0,0,9,9,252,232,232,124,0,0,0,3,5,4
116.42964,39.87534,1.01,-0.8,0,0,279.99,0,0,0,0,9,9,252,232,232,125,0,0,0,3,5,4
116.42914,39.8754,1.01,-0.8,0,0,274.65,0,0,0,0,9,9,252,232,232,125,0,0,0,3,5,4
116.42811,39.87538,1.01,-0.8,0,0,263.97,0,0,0,0,9,9,252,232,232,125,0,0,0,3,5,4
116.42761,39.8753,1.01,-0.8,0,0,258.63,0,0,0,0,9,9,252,232,232,125,0,0,0,3,5,4
116.42663,39.875,1.01,-0.8,0,0,247.95,0,0,0,0,9,9,252,232,232,126,0,0,0,3,5,4
116.42663,39.875,1.01,-0.8,0,0,247.95,0,0,0,0,9,9,252,232,232,126,0,0,0,3,5,4
116.42573,39.87453,1.01,-0.8,0,0,238.4,0,0,0,0,9,9,252,232,232,126,0,0,0,3,5,4
116.4253,39.87425,1.01,-0.8,0,0,234.23,0,0,0,0,9,9,252,232,232,126,0,0,0,3,5,4
116.42454,39.87357,1.01,-0.8,0,0,222.88,0,0,0,0,9,9,252,232,232,127,0,0,0,3,5,4
116.42421,39.87318,1.01,-0.8,0,0,217.97,0,0,0,0,9,9,252,232,232,127,0,0,0,3,5,4
116.42365,39.87233,1.01,-0.8,0,0,208.53,0,0,0,0,9,9,252,232,232,127,0,0,0,3,5,4
116.42343,39.87187,1.01,-0.8,0,0,203.81,0,0,0,0,9,9,252,232,232,127,0,0,0,3,5,4
116.4231,39.8709,1.01,-0.8,0,0,194.37,0,0,0,0,9,9,252,232,232,127,0,0,0,3,5,4
116.4231,39.8709,1.01,-0.8,0,0,194.37,0,0,0,0,9,9,252,232,232,127,0,0,0,3,5,4
116.42293,39.86989,1.01,-0.8,0,0,184.93,0,0,0,0,9,9,252,232,232,128,0,0,0,3,5,4
116.42291,39.86938,1.01,-0.8,0,0,180.21,0,0,0,0,9,9,252,232,232,128,0,0,0,3,5,4
116.423,39.86836,1.01,-0.8,0,0,170.77,0,0,0,0,9,9,252,232,232,128,0,0,0,3,5,4
116.4231,39.86786,1.01,-0.8,0,0,166.05,0,0,0,0,9,9,252,232,232,128,0,0,0,3,5,4
116.42343,39.8669,1.01,-0.8,0,0,156.61,0,0,0,0,9,9,252,232,232,122,0,0,0,3,5,4
116.42365,39.86644,1.01,-0.8,0,0,151.89,0,0,0,0,9,9,252,232,232,122,0,0,0,3,5,4
116.42392,39.866,1.01,-0.8,0,0,146.61,0,0,0,0,9,9,252,232,232,122,0,0,0,3,5,4
116.42422,39.86559,1.01,-0.8,0,0,140.61,0,0,0,0,9,9,252,232,232,123,0,0,0,3,5,4
116.42494,39.86486,1.01,-0.8,0,0,132.04,0,0,0,0,9,9,252,232,232,123,0,0,0,3,5,4
116.42533,39.86453,1.01,-0.8,0,0,128.73,0,0,0,0,9,9,252,232,232,123,0,0,0,3,5,4
116.42618,39.86396,1.01,-0.8,0,0,118.42,0,0,0,0,9,9,252,232,232,123,0,0,0,3,5,4
116.42664,39.86375,1.01,-0.8,0,0,111.47,0,0,0,0,9,9,252,232,232,124,0,0,0,3,5,4
116.42763,39.86348,1.01,-0.8,0,0,99.92,0,0,0,0,9,9,252,232,232,124,0,0,0,3,5,4
116.42813,39.86342,1.01,-0.8,0,0,95.64,0,0,0,0,9,9,252,232,232,124,0,0,0,3,5,4
116.42915,39.86342,1.01,-0.8,0,0,84.66,0,0,0,0,9,9,252,232,232,124,0,0,0,3,5,4
116.42915,39.86342,1.01,-0.8,0,0,84.66,0,0,0,0,9,9,252,232,232,124,0,0,0,3,5,4
116.43016,39.8636,1.01,-0.8,0,0,75.35,0,0,0,0,9,9,252,232,232,124,0,0,0,3,5,4
116.43065,39.86375,1.01,-0.8,0,0,72.56,0,0,0,0,9,9,252,232,232,124,0,0,0,3,5,4
116.43161,39.8641,1.01,-0.8,0,0,66.89,0,0,0,0,9,9,252,232,232,122,0,0,0,3,5,4
116.43207,39.86432,1.01,-0.8,0,0,62.24,0,0,0,0,9,9,252,232,232,122,0,0,0,3,5,4
116.43291,39.86489,1.01,-0.8,0,0,49.2,0,0,0,2,9,9,252,232,232,119,0,0,0,3,5,4
116.43327,39.86525,1.01,-0.8,0,0,40.96,0,0,0,2,9,9,252,232,232,121,0,0,0,3,5,4
116.43383,39.86611,1.01,-0.8,0,0,27.17,0,0,0,2,9,9,252,232,232,123,0,0,0,3,5,4
116.43383,39.86611,1.01,-0.8,0,0,27.17,0,0,0,2,9,9,252,232,232,125,0,0,0,3,5,4
116.43421,39.86705,1.01,-0.8,0,0,16.99,0,0,0,2,9,9,252,232,232,127,0,0,0,3,5,4
116.43433,39.86755,1.01,-0.8,0,0,11.11,0,0,0,2,9,9,252,232,232,129,0,0,0,3,5,4
116.43437,39.86775,1.01,-0.8,0,0,9.05,0,0,0,2,9,9,252,232,232,130,0,0,0,3,5,4
116.43443,39.86826,1.01,-0.8,0,0,4.69,0,0,0,2,9,9,252,232,232,131,0,0,0,3,5,4
116.43439,39.86979,1.01,-0.8,0,0,-301.72,0,0,0,2,9,9,252,232,232,134,0,0,0,3,5,4
116.43421,39.8708,1.01,-0.8,0,0,-308.43,0,0,0,2,9,9,252,232,232,135,0,0,0,3,5,4
116.43421,39.8708,1.01,-0.8,0,0,-308.43,0,0,0,2,9,9,252,232,232,135,0,0,0,3,5,4
116.43393,39.87178,1.01,-0.8,0,0,-313.9,0,0,0,2,9,9,252,232,232,137,0,0,0,3,5,4
116.43375,39.87226,1.01,-0.8,0,0,-316.63,0,0,0,2,9,9,252,232,232,138,0,0,0,3,5,4
116.43334,39.87319,1.01,-0.8,0,0,-320.85,0,0,0,2,9,9,252,232,232,139,0,0,0,3,5,4
116.43311,39.87365,1.01,-0.8,0,0,-323.32,0,0,0,2,9,9,252,232,232,139,0,0,0,3,5,4
116.43259,39.87453,1.01,-0.8,0,0,327.5,0,0,0,2,9,9,252,232,232,141,0,0,0,3,5,4
116.43231,39.87496,1.01,-0.8,0,0,326.01,0,0,0,2,9,9,252,232,232,141,0,0,0,3,5,4
116.43202,39.87538,1.01,-0.8,0,0,324.52,0,0,0,2,9,9,252,232,232,141,0,0,0,3,5,4
116.43172,39.87579,1.01,-0.8,0,0,323.03,0,0,0,2,9,9,252,232,232,142,0,0,0,3,5,4
116.43108,39.87659,1.01,-0.8,0,0,320.05,0,0,0,2,9,9,252,232,232,143,0,0,0,3,5,4
116.43075,39.87698,1.01,-0.8,0,0,318.56,0,0,0,2,9,9,252,232,232,143,0,0,0,3,5,4
116.43006,39.87773,1.01,-0.8,0,0,317.04,0,0,0,2,9,9,252,232,232,143,0,0,0,3,5,4
116.4297,39.8781,1.01,-0.8,0,0,315.24,0,0,0,2,9,9,252,232,232,144,0,0,0,3,5,4
116.42895,39.87879,1.01,-0.8,0,0,310.35,0,0,0,2,9,9,252,232,232,145,0,0,0,3,5,4
116.42856,39.87912,1.01,-0.8,0,0,309.51,0,0,0,2,9,9,252,232,232,146,0,0,0,3,5,4
116.42816,39.87944,1.01,-0.8,0,0,309.01,0,0,0,2,9,9,252,232,232,146,0,0,0,3,5,4
116.42776,39.87976,1.01,-0.8,0,0,308.51,0,0,0,2,9,9,252,232,232,146,0,0,0,3,5,4
116.42696,39.88039,1.01,-0.8,0,0,307.52,0,0,0,2,9,9,252,232,232,146,0,0,0,3,5,4
116.42655,39.8807,1.01,-0.8,0,0,307.02,0,0,0,2,9,9,252,232,232,146,0,0,0,3,5,4
116.42573,39.88131,1.01,-0.8,0,0,306.03,0,0,0,2,9,9,252,232,232,146,0,0,0,3,5,4
116.42531,39.88161,1.01,-0.8,0,0,305.53,0,0,0,2,9,9,252,232,232,147,0,0,0,3,5,4
116.42447,39.88219,1.01,-0.8,0,0,304.54,0,0,0,2,9,9,252,232,232,147,0,0,0,3,5,4
116.42405,39.88248,1.01,-0.8,0,0,304.04,0,0,0,2,9,9,252,232,232,147,0,0,0,3,5,4
116.42363,39.88277,1.01,-0.8,0,0,303.54,0,0,0,2,9,9,252,232,232,147,0,0,0,3,5,4
116.4232,39.88305,1.01,-0.8,0,0,303.05,0,0,0,2,9,9,252,232,232,147,0,0,0,3,5,4
116.42234,39.8836,1.01,-0.8,0,0,303.33,0,0,0,2,9,9,252,232,232,147,0,0,0,3,5,4
116.42192,39.88388,1.01,-0.8,0,0,303.64,0,0,0,2,9,9,252,232,232,147,0,0,0,3,5,4
116.42106,39.88444,1.01,-0.8,0,0,302.51,0,0,0,2,9,9,252,232,232,147,0,0,0,3,5,4
116.42063,39.88472,1.01,-0.8,0,0,302.95,0,0,0,2,9,9,252,232,232,147,0,0,0,3,5,4
116.4202,39.8853,1.01,-0.8,0,0,307.39,0,0,0,2,9,9,252,232,232,146,0,0,0,3,5,4
116.41939,39.88562,1.01,-0.8,0,0,309.44,0,0,0,2,9,9,252,232,232,146,0,0,0,3,5,4
116.419,39.88595,1.01,-0.8,0,0,310.25,0,0,0,2,9,9,252,232,232,145,0,0,0,3,5,4
116.41861,39.88628,1.01,-0.8,0,0,309.82,0,0,0,2,9,9,252,232,232,145,0,0,0,3,5,4
116.41781,39.88691,1.01,-0.8,0,0,307.16,0,0,0,2,9,9,252,232,232,146,0,0,0,3,5,4
116.4174,39.88722,1.01,-0.8,0,0,306.9,0,0,0,2,9,9,252,232,232,146,0,0,0,3,5,4
116.41658,39.88783,1.01,-0.8,0,0,306.4,0,0,0,2,9,9,252,232,232,146,0,0,0,3,5,4
116.41616,39.88813,1.01,-0.8,0,0,306.15,0,0,0,2,9,9,252,232,232,146,0,0,0,3,5,4
116.41534,39.88873,1.01,-0.8,0,0,305.66,0,0,0,2,9,9,252,232,232,147,0,0,0,3,5,4
116.41492,39.88903,1.01,-0.8,0,0,305.41,0,0,0,2,9,9,252,232,232,147,0,0,0,3,5,4
116.4145,39.88932,1.01,-0.8,0,0,305.16,0,0,0,2,9,9,252,232,232,147,0,0,0,3,5,4
116.41408,39.88962,1.01,-0.8,0,0,304.91,0,0,0,2,9,9,252,232,232,147,0,0,0,3,5,4
116.41324,39.8902,1.01,-0.8,0,0,304.41,0,0,0,2,9,9,252,232,232,147,0,0,0,3,5,4
116.41282,39.89049,1.01,-0.8,0,0,304.16,0,0,0,2,9,9,252,232,232,147,0,0,0,3,5,4
