116.35322,39.9687,1.01,-0.8,0,0,148.29,0,0,0,0,252,252,213,100,232,111,0,0,0,0,6,4
116.35322,39.9687,1.01,-0.8,0,0,148.29,0,0,0,0,252,252,213,100,232,111,0,0,0,0,6,4
116.35322,39.9687,1.01,-0.8,0,0,148.29,0,0,0,0,252,252,213,100,232,111,0,0,0,0,6,4
116.35322,39.9687,1.01,-0.8,0,0,148.29,0,0,0,0,252,252,125,100,232,111,0,0,0,0,6,4
116.35322,39.9687,1.01,-0.8,0,0,148.29,0,0,0,0,252,252,9,100,232,111,0,0,0,0,6,4
116.35322,39.9687,1.01,-0.8,0,0,148.29,0,0,0,0,252,252,9,100,232,111,0,0,0,0,6,4
116.35322,39.9687,1.01,-0.8,0,0,148.29,0,0,0,0,252,252,9,100,232,111,0,0,0,0,6,4
116.35322,39.9687,1.01,-0.8,0,0,148.29,0,0,0,0,252,252,9,100,232,111,0,0,0,0,6,4
116.35322,39.9687,1.01,-0.8,0,0,148.29,0,0,0,0,252,252,97,100,232,111,0,0,0,0,6,4
116.35322,39.9687,1.01,-0.8,0,0,148.29,0,0,0,0,252,252,155,100,232,111,0,0,0,0,6,4
116.35322,39.9687,1.01,-0.8,0,0,148.29,0,0,0,0,252,252,252,100,232,111,0,0,0,0,6,4
116.35322,39.9687,1.01,-0.8,0,0,148.29,0,0,0,0,252,252,252,100,232,111,0,0,0,0,6,4
116.35322,39.9687,1.01,-0.8,0,0,148.29,0,0,0,0,250,250,179,100,232,111,0,0,0,0,6,4
116.35322,39.9687,1.01,-0.8,0,0,148.3,0,0,0,0,250,250,179,100,232,111,0,0,0,0,6,4
116.35322,39.9687,1.01,-0.8,0,0,148.3,0,0,0,0,185,185,179,100,232,111,0,0,0,0,6,4
116.35322,39.9687,1.01,-0.8,0,0,148.3,0,0,0,0,185,185,179,100,232,111,0,0,0,0,6,4
116.35322,39.9687,1.01,-0.8,0,0,148.3,0,0,0,0,210,210,179,100,232,111,0,0,0,0,6,4
116.35322,39.9687,1.01,-0.8,0,0,148.3,0,0,0,0,202,202,179,100,232,111,0,0,0,0,6,4
116.35322,39.9687,1.01,-0.8,0,0,148.3,0,0,0,0,252,252,179,100,232,111,0,0,0,0,6,4
116.35322,39.9687,1.01,-0.8,0,0,148.3,0,0,0,0,220,220,179,100,232,111,0,0,0,0,6,4
116.35322,39.9687,1.01,-0.8,0,0,148.3,0,0,0,0,31,31,179,100,232,111,0,0,0,0,6,4
116.35322,39.9687,1.01,-0.8,0,0,148.3,0,0,0,0,9,9,179,100,232,111,0,0,0,0,6,4
116.35322,39.9687,1.01,-0.8,0,0,148.3,0,0,0,0,9,9,179,100,232,111,0,0,0,0,6,4
116.35322,39.9687,1.01,-0.8,0,0,148.3,0,0,0,0,9,9,179,100,232,111,0,0,0,0,6,4
116.35322,39.9687,1.01,-0.8,0,0,148.3,0,0,0,0,59,59,179,100,232,111,0,0,0,0,6,4
116.35322,39.9687,1.01,-0.8,0,0,148.3,0,0,0,0,252,252,179,100,232,111,0,0,0,0,6,4
116.35322,39.9687,1.01,-0.8,0,0,148.3,0,0,0,0,9,9,179,100,232,111,0,0,0,0,6,4
116.35322,39.9687,1.01,-0.8,0,0,148.3,0,0,0,0,9,9,179,100,232,111,0,0,0,0,6,4
116.35322,39.9687,1.01,-0.8,0,0,148.3,0,0,0,0,252,252,179,100,232,111,0,0,0,0,6,4
116.35322,39.9687,1.01,-0.8,0,0,148.3,0,0,0,0,252,252,179,100,232,111,0,0,0,0,6,4
116.35322,39.9687,1.01,-0.8,0,0,148.3,0,0,0,0,252,252,9,100,232,111,0,0,0,0,6,4
116.35322,39.9687,1.01,-0.8,0,0,148.3,0,0,0,0,252,252,9,100,232,111,0,0,0,0,6,4
116.35322,39.9687,1.01,-0.8,0,0,148.3,0,0,0,0,252,252,9,100,232,111,0,0,0,0,6,4
116.35322,39.9687,1.01,-0.8,0,0,148.3,0,0,0,0,9,9,252,100,232,111,0,0,0,0,6,4
116.35322,39.9687,1.01,-0.8,0,0,148.3,0,0,0,0,222,222,252,100,232,111,0,0,0,0,6,4
116.35322,39.9687,1.01,-0.8,0,0,148.3,0,0,0,0,9,9,252,100,232,111,0,0,0,0,6,4
116.35322,39.9687,1.01,-0.8,0,0,148.3,0,0,0,0,9,9,252,100,232,111,0,0,0,0,6,4
116.35322,39.9687,1.01,-0.8,0,0,148.3,0,0,0,0,9,9,252,100,232,111,0,0,0,0,6,4
116.35322,39.9687,1.01,-0.8,0,0,148.3,0,0,0,0,252,252,252,100,232,111,0,0,0,0,6,4
116.35322,39.9687,1.01,-0.8,0,0,148.3,0,0,0,0,252,252,9,100,232,111,0,0,0,0,6,4
116.35322,39.9687,1.01,-0.8,0,0,148.31,0,0,0,0,252,252,9,100,232,111,0,0,0,0,6,4
116.35322,39.9687,1.01,-0.8,0,0,148.31,0,0,0,0,252,252,252,100,232,111,0,0,0,0,6,4
116.35322,39.9687,1.01,-0.8,0,0,148.31,0,0,0,0,252,252,252,100,232,111,0,0,0,0,6,4
116.35322,39.9687,1.01,-0.8,0,0,148.31,0,0,0,0,9,9,9,100,232,111,0,0,0,0,6,4
116.35322,39.9687,1.01,-0.8,0,0,148.31,0,0,0,0,252,252,9,100,232,111,0,0,0,0,6,4
116.35322,39.9687,1.01,-0.8,0,0,148.31,0,0,0,0,252,252,9,100,232,111,0,0,0,0,6,4
116.35322,39.9687,1.01,-0.8,0,0,148.31,0,0,0,0,252,252,9,100,232,111,0,0,0,0,6,4
116.35322,39.9687,1.01,-0.8,0,0,148.31,0,0,0,0,252,252,9,100,232,111,0,0,0,0,3,4
116.35322,39.9687,1.01,-0.8,0,0,148.31,0,0,0,0,252,252,9,100,232,111,0,0,0,0,3,4
116.35322,39.9687,1.01,-0.8,0,0,148.31,0,0,0,0,252,252,9,100,232,111,0,0,0,0,3,4
116.35322,39.9687,1.01,-0.8,0,0,148.31,0,0,0,0,252,252,9,100,232,111,0,0,0,0,3,4
116.35322,39.9687,1.01,-0.8,0,0,148.31,0,0,0,0,252,252,9,100,232,111,0,0,0,0,3,4
116.35322,39.9687,1.01,-0.8,0,0,148.31,0,0,0,0,252,252,52,100,232,111,0,0,0,0,3,4
116.35322,39.9687,1.01,-0.8,0,0,148.31,0,0,0,0,252,252,52,100,232,111,0,0,0,0,3,4
116.35322,39.9687,1.01,-0.8,0,0,148.31,0,0,0,0,252,252,52,100,232,111,0,0,0,0,3,4
116.35322,39.9687,1.01,-0.8,0,0,148.31,0,0,0,0,252,252,52,100,232,111,0,0,0,0,3,44
116.35322,39.9687,1.01,-0.8,0,0,148.31,0,0,0,0,252,252,52,100,232,111,0,0,0,0,3,4
116.35322,39.9687,1.01,-0.8,0,0,148.31,0,0,0,0,252,252,114,100,232,111,0,0,0,0,3,4
116.35322,39.9687,1.01,-0.8,0,0,148.31,0,0,0,0,252,252,252,100,232,111,0,0,0,0,3,4
116.35322,39.9687,1.01,-0.8,0,0,148.31,0,0,0,0,252,252,252,100,232,111,0,0,0,0,3,4
116.35322,39.9687,1.01,-0.8,0,0,148.31,0,0,0,0,252,252,252,100,232,111,0,0,0,0,3,4
116.35322,39.9687,1.01,-0.8,0,0,148.31,0,0,0,0,252,252,252,100,232,111,0,0,0,0,3,4
116.35322,39.9687,1.01,-0.8,0,0,148.31,0,0,0,0,252,252,252,100,232,111,0,0,0,0,6,4
116.35322,39.9687,1.01,-0.8,0,0,148.31,0,0,0,0,252,252,252,100,232,111,0,0,0,0,6,4
116.35322,39.9687,1.01,-0.8,0,0,148.31,0,0,0,0,252,252,135,100,232,111,0,0,0,0,6,4
116.35322,39.9687,1.01,-0.8,0,0,148.31,0,0,0,0,252,252,135,100,232,111,0,0,0,0,6,4
116.35322,39.9687,1.01,-0.8,0,0,148.31,0,0,0,0,252,252,95,100,232,111,0,0,0,0,6,4
116.35322,39.9687,1.01,-0.8,0,0,148.31,0,0,0,0,252,252,62,100,232,111,0,0,0,0,6,4
116.35322,39.9687,1.01,-0.8,0,0,148.32,0,0,0,0,252,252,46,100,232,111,0,0,0,0,6,4
116.35322,39.9687,1.01,-0.8,0,0,148.32,0,0,0,0,252,252,46,100,232,111,0,0,0,0,6,4
116.35322,39.9687,1.01,-0.8,0,0,148.32,0,0,0,0,252,252,9,100,232,111,0,0,0,0,6,4
116.35322,39.9687,1.01,-0.8,0,0,148.32,0,0,0,0,252,252,252,100,232,111,0,0,0,0,6,4
116.35322,39.9687,1.01,-0.8,0,0,148.32,0,0,0,0,252,252,252,100,232,111,0,0,0,0,6,4
116.35322,39.9687,1.01,-0.8,0,0,148.32,0,0,0,0,252,252,9,100,232,111,0,0,0,0,6,4
116.35322,39.9687,1.01,-0.8,0,0,148.32,0,0,0,0,252,252,35,100,232,111,0,0,0,0,6,4
116.35322,39.9687,1.01,-0.8,0,0,148.32,0,0,0,0,252,252,75,100,232,111,0,0,0,0,6,4
116.35322,39.9687,1.01,-0.8,0,0,148.32,0,0,0,0,252,252,252,100,232,111,0,0,0,0,6,4
116.35322,39.9687,1.01,-0.8,0,0,148.32,0,0,0,0,252,252,9,100,232,111,0,0,0,0,6,4
116.35322,39.9687,1.01,-0.8,0,0,148.32,0,0,0,0,252,252,249,100,232,111,0,0,0,0,6,4
116.35322,39.9687,1.01,-0.8,0,0,148.32,0,0,0,0,252,252,230,100,232,111,0,0,0,0,6,4
116.35322,39.9687,1.01,-0.8,0,0,148.32,0,0,0,0,252,252,9,100,232,111,0,0,0,0,6,4
116.35322,39.9687,1.01,-0.8,0,0,148.32,0,0,0,0,252,252,9,100,232,111,0,0,0,0,6,4
116.35322,39.9687,1.01,-0.8,0,0,148.32,0,0,0,0,252,252,9,100,232,111,0,0,0,0,6,4
116.35322,39.9687,1.01,-0.8,0,0,148.32,0,0,0,0,157,157,9,100,232,111,0,0,0,0,6,4
116.35322,39.9687,1.01,-0.8,0,0,148.32,0,0,0,0,252,252,9,100,232,111,0,0,0,0,6,4
116.35322,39.9687,1.01,-0.8,0,0,148.32,0,0,0,0,9,9,9,100,232,111,0,0,0,0,6,4
116.35322,39.9687,1.01,-0.8,0,0,148.32,0,0,0,0,9,9,9,100,232,111,0,0,0,0,6,4
116.35322,39.9687,1.01,-0.8,0,0,148.32,0,0,0,0,178,178,9,100,232,111,0,0,0,0,6,4
116.35322,39.9687,1.01,-0.8,0,0,148.32,0,0,0,0,204,204,9,100,232,111,0,0,0,0,6,4
116.35322,39.9687,1.01,-0.8,0,0,148.32,0,0,0,0,9,9,9,100,232,111,0,0,0,0,6,4
116.35322,39.9687,1.01,-0.8,0,0,148.32,0,0,0,0,83,83,9,100,232,111,0,0,0,0,6,4
116.35322,39.9687,1.01,-0.8,0,0,148.32,0,0,0,0,51,51,9,100,232,111,0,0,0,0,6,4
116.35322,39.9687,1.01,-0.8,0,0,148.32,0,0,0,0,251,251,9,100,232,111,0,0,0,0,6,4
116.35322,39.9687,1.01,-0.8,0,0,148.32,0,0,0,0,226,226,9,100,232,111,0,0,0,0,6,4
116.35322,39.9687,1.01,-0.8,0,0,148.32,0,0,0,0,252,252,9,100,232,111,0,0,0,0,6,4
116.35322,39.9687,1.01,-0.8,0,0,148.33,0,0,0,0,206,206,9,100,232,111,0,0,0,0,6,4
116.35322,39.9687,1.01,-0.8,0,0,148.33,0,0,0,0,9,9,252,100,232,111,0,0,0,0,6,4
116.35322,39.9687,1.01,-0.8,0,0,148.33,0,0,0,0,9,9,252,100,232,111,0,0,0,0,6,4
116.35322,39.9687,1.01,-0.8,0,0,148.33,0,0,0,0,252,252,182,100,232,111,0,0,0,0,6,4
116.35322,39.9687,1.01,-0.8,0,0,148.33,0,0,0,0,252,252,252,100,232,111,0,0,0,0,6,4
116.35322,39.9687,1.01,-0.8,0,0,148.33,0,0,0,0,252,252,9,100,232,111,0,0,0,0,6,4
116.35322,39.9687,1.01,-0.8,0,0,148.33,0,0,0,0,252,252,9,100,232,111,0,0,0,0,6,4
116.35322,39.9687,1.01,-0.8,0,0,148.33,0,0,0,0,252,252,9,100,232,111,0,0,0,0,6,4
116.35322,39.9687,1.01,-0.8,0,0,148.33,0,0,0,0,252,252,9,100,232,111,0,0,0,0,6,4
116.35322,39.9687,1.01,-0.8,0,0,148.33,0,0,0,0,252,252,9,100,232,111,0,0,0,0,6,4
116.35322,39.9687,1.01,-0.8,0,0,148.33,0,0,0,0,252,252,9,100,232,111,0,0,0,0,6,4
116.35322,39.9687,1.01,-0.8,0,0,148.33,0,0,0,0,252,252,9,100,232,111,0,0,0,0,6,4
116.35322,39.9687,1.01,-0.8,0,0,148.33,0,0,0,0,252,252,9,100,232,111,0,0,0,0,6,4
116.35322,39.9687,1.01,-0.8,0,0,148.33,0,0,0,0,252,252,9,100,232,111,0,0,0,0,6,4
116.35322,39.9687,1.01,-0.8,0,0,148.33,0,0,0,0,252,252,9,100,232,111,0,0,0,0,6,4
116.35322,39.9687,1.01,-0.8,0,0,148.33,0,0,0,0,252,252,9,100,232,111,0,0,0,0,6,4
116.35322,39.9687,1.01,-0.8,0,0,148.33,0,0,0,0,252,252,9,100,232,111,0,0,0,0,6,4
116.35322,39.9687,1.01,-0.8,0,0,148.33,0,0,0,0,252,252,9,100,232,111,0,0,0,0,6,4
116.35322,39.9687,1.01,-0.8,0,0,148.33,0,0,0,0,252,252,9,100,232,111,0,0,0,0,6,4
116.35322,39.9687,1.01,-0.8,0,0,148.33,0,0,0,0,252,252,9,100,232,111,0,0,0,0,6,4
116.35322,39.9687,1.01,-0.8,0,0,148.33,0,0,0,0,252,252,9,100,232,111,0,0,0,0,6,4
116.35322,39.9687,1.01,-0.8,0,0,148.33,0,0,0,0,252,252,9,100,232,111,0,0,0,0,6,4
116.35322,39.9687,1.01,-0.8,0,0,148.33,0,0,0,0,252,252,9,100,232,111,0,0,0,0,6,4
116.35322,39.9687,1.01,-0.8,0,0,148.33,0,0,0,0,252,252,9,100,232,111,0,0,0,0,6,4
116.35322,39.9687,1.01,-0.8,0,0,148.33,0,0,0,0,252,252,9,100,232,111,0,0,0,0,6,4
116.35322,39.9687,1.01,-0.8,0,0,148.33,0,0,0,0,252,252,9,100,232,111,0,0,0,0,6,4
116.35322,39.9687,1.01,-0.8,0,0,148.33,0,0,0,0,252,252,9,100,232,111,0,0,0,0,6,4
116.35322,39.9687,1.01,-0.8,0,0,148.33,0,0,0,0,252,252,9,100,232,111,0,0,0,0,6,4
116.35322,39.9687,1.01,-0.8,0,0,148.34,0,0,0,0,252,252,9,100,232,111,0,0,0,0,6,4
116.35322,39.9687,1.01,-0.8,0,0,148.34,0,0,0,0,252,252,9,100,232,111,0,0,0,0,6,4
116.35322,39.9687,1.01,-0.8,0,0,148.34,0,0,0,0,252,252,9,100,232,111,0,0,0,0,6,4
116.35322,39.9687,1.01,-0.8,0,0,148.34,0,0,0,0,252,252,9,100,232,111,0,0,0,0,6,4
116.35322,39.9687,1.01,-0.8,0,0,148.34,0,0,0,0,252,252,9,100,232,111,0,0,0,0,6,4
116.35322,39.9687,1.01,-0.8,0,0,148.34,0,0,0,0,252,252,9,100,232,111,0,0,0,0,6,4
116.35322,39.9687,1.01,-0.8,0,0,148.34,0,0,0,0,252,252,9,100,232,111,0,0,0,0,6,4
116.35322,39.9687,1.01,-0.8,0,0,148.34,0,0,0,0,252,252,9,100,232,111,0,0,0,0,6,4
116.35322,39.9687,1.01,-0.8,0,0,148.34,0,0,0,0,252,252,9,100,232,111,0,0,0,0,6,4
116.35322,39.9687,1.01,-0.8,0,0,148.34,0,0,0,0,252,252,9,100,232,111,0,0,0,0,6,4
116.35322,39.9687,1.01,-0.8,0,0,148.34,0,0,0,0,9,9,9,100,232,111,0,0,0,0,6,4
116.35322,39.9687,1.01,-0.8,0,0,148.34,0,0,0,0,9,9,9,100,232,111,0,0,0,0,6,4
116.35322,39.9687,1.01,-0.8,0,0,148.34,0,0,0,0,9,9,9,100,232,111,0,0,0,0,6,4
116.35322,39.9687,1.01,-0.8,0,0,148.34,0,0,0,0,9,9,9,100,232,111,0,0,0,0,6,4
116.35322,39.9687,1.01,-0.8,0,0,148.34,0,0,0,0,9,9,9,100,232,111,0,0,0,0,6,4
116.35322,39.9687,1.01,-0.8,0,0,148.34,0,0,0,0,9,9,9,100,232,111,0,0,0,0,6,4
116.35322,39.9687,1.01,-0.8,0,0,148.34,0,0,0,0,9,9,9,100,232,111,0,0,0,0,6,4
116.35322,39.9687,1.01,-0.8,0,0,148.34,0,0,0,0,9,9,9,100,232,111,0,0,0,0,6,4
116.35322,39.9687,1.01,-0.8,0,0,148.34,0,0,0,0,171,171,9,100,232,111,0,0,0,0,6,4
116.35322,39.9687,1.01,-0.8,0,0,148.34,0,0,0,0,171,171,9,100,232,111,0,0,0,0,6,4
116.35322,39.9687,1.01,-0.8,0,0,148.34,0,0,0,0,171,171,9,100,232,111,0,0,0,0,6,4
116.35322,39.9687,1.01,-0.8,0,0,148.34,0,0,0,0,173,173,9,100,232,111,0,0,0,0,6,4
116.35322,39.9687,1.01,-0.8,0,0,148.34,0,0,0,0,173,173,9,100,232,111,0,0,0,0,3,4
116.35322,39.9687,1.01,-0.8,0,0,148.34,0,0,0,0,209,209,9,100,232,111,0,0,0,0,3,4
116.35322,39.9687,1.01,-0.8,0,0,148.34,0,0,0,0,149,149,9,100,232,111,0,0,0,0,3,4
116.35322,39.9687,1.01,-0.8,0,0,148.34,0,0,0,0,201,201,9,100,232,111,0,0,0,0,3,4
116.35322,39.9687,1.01,-0.8,0,0,148.34,0,0,0,0,219,219,9,100,232,111,0,0,0,0,3,4
116.35322,39.9687,1.01,-0.8,0,0,148.35,0,0,0,0,252,252,9,100,232,111,0,0,0,0,3,4
116.35322,39.9687,1.01,-0.8,0,0,148.35,0,0,0,0,207,207,9,100,232,111,0,0,0,0,3,4
116.35322,39.9687,1.01,-0.8,0,0,148.35,0,0,0,0,218,218,9,100,232,111,0,0,0,0,3,4
116.35322,39.9687,1.01,-0.8,0,0,148.35,0,0,0,0,218,218,9,100,232,111,0,0,0,0,3,4
116.35322,39.9687,1.01,-0.8,0,0,148.35,0,0,0,0,218,218,9,100,232,111,0,0,0,0,3,4
116.35322,39.9687,1.01,-0.8,0,0,148.35,0,0,0,0,218,218,9,100,232,111,0,0,0,0,3,4
116.35322,39.9687,1.01,-0.8,0,0,148.35,0,0,0,0,218,218,9,100,232,111,0,0,0,0,3,4
116.35322,39.9687,1.01,-0.8,0,0,148.35,0,0,0,0,219,219,9,100,232,111,0,0,0,0,3,4
116.35322,39.9687,1.01,-0.8,0,0,148.35,0,0,0,0,218,218,9,100,232,111,0,0,0,0,3,4
116.35322,39.9687,1.01,-0.8,0,0,148.35,0,0,0,0,219,219,9,100,232,111,0,0,0,0,3,4
116.35322,39.9687,1.01,-0.8,0,0,148.35,0,0,0,0,219,219,9,100,232,111,0,0,0,0,3,1
116.35322,39.9687,1.01,-0.8,0,0,148.35,0,0,0,0,198,198,9,100,232,111,0,0,0,0,3,1
116.35322,39.9687,1.01,-0.8,0,0,148.35,0,0,0,0,58,58,9,100,232,111,0,0,0,0,3,1
116.35322,39.9687,1.01,-0.8,0,0,148.35,0,0,0,0,56,56,9,100,232,111,0,0,0,0,3,1
116.35322,39.9687,1.01,-0.8,0,0,148.35,0,0,0,0,53,53,9,100,232,111,0,0,0,0,3,1
116.35322,39.9687,1.01,-0.8,0,0,148.35,0,0,0,0,50,50,9,100,232,111,0,0,0,0,3,1
116.35322,39.9687,1.01,-0.8,0,0,148.35,0,0,0,0,9,9,9,100,232,111,0,0,0,0,3,1
116.35322,39.9687,1.01,-0.8,0,0,148.35,0,0,0,0,9,9,9,100,232,111,0,0,0,0,3,1
116.35322,39.9687,1.01,-0.8,0,0,148.35,0,0,0,0,9,9,9,100,232,111,0,0,0,0,3,1
116.35322,39.9687,1.01,-0.8,0,0,148.35,0,0,0,0,60,60,9,100,232,111,0,0,0,0,3,1
116.35322,39.9687,1.01,-0.8,0,0,148.35,0,0,0,0,252,252,9,100,232,111,0,0,0,0,3,1
116.35322,39.9687,1.01,-0.8,0,0,148.35,0,0,0,0,244,244,9,100,232,111,0,0,0,0,3,1
116.35322,39.9687,1.01,-0.8,0,0,148.35,0,0,0,0,18,18,9,100,232,111,0,0,0,0,3,1
116.35322,39.9687,1.01,-0.8,0,0,148.35,0,0,0,0,67,67,9,100,232,111,0,0,0,0,3,1
116.35322,39.9687,1.01,-0.8,0,0,148.35,0,0,0,0,67,67,9,100,232,111,0,0,0,0,3,1
116.35322,39.9687,1.01,-0.8,0,0,148.35,0,0,0,0,67,67,9,100,232,111,0,0,0,0,6,1
116.35322,39.9687,1.01,-0.8,0,0,148.35,0,0,0,0,252,252,9,100,232,111,0,0,0,0,6,1
116.35322,39.9687,1.01,-0.8,0,0,148.35,0,0,0,0,252,252,9,100,232,111,0,0,0,0,6,1
116.35322,39.9687,1.01,-0.8,0,0,148.36,0,0,0,0,252,252,9,100,232,111,0,0,0,0,6,1
116.35322,39.9687,1.01,-0.8,0,0,148.36,0,0,0,0,252,252,9,100,232,111,0,0,0,0,6,1
116.35322,39.9687,1.01,-0.8,0,0,148.36,0,0,0,0,252,252,9,100,232,111,0,0,0,0,6,1
116.35322,39.9687,1.01,-0.8,0,0,148.36,0,0,0,0,205,205,9,100,232,111,0,0,0,0,6,1
116.35322,39.9687,1.01,-0.8,0,0,148.36,0,0,0,0,120,120,9,100,232,111,0,0,0,0,6,1
116.35322,39.9687,1.01,-0.8,0,0,148.36,0,0,0,0,99,99,9,100,232,111,0,0,0,0,6,1
116.35322,39.9687,1.01,-0.8,0,0,148.36,0,0,0,0,99,99,9,100,232,111,0,0,0,0,6,1
116.35322,39.9687,1.01,-0.8,0,0,148.36,0,0,0,0,88,88,9,100,232,111,0,0,0,0,6,1
116.35322,39.9687,1.01,-0.8,0,0,148.36,0,0,0,0,44,44,9,100,232,111,0,0,0,0,6,1
116.35322,39.9687,1.01,-0.8,0,0,148.36,0,0,0,0,22,22,9,100,232,111,0,0,0,0,6,1
116.35322,39.9687,1.01,-0.8,0,0,148.36,0,0,0,0,22,22,9,100,232,111,0,0,0,0,6,1
116.35322,39.9687,1.01,-0.8,0,0,148.36,0,0,0,0,9,9,9,100,232,111,0,0,0,0,6,1
116.35322,39.9687,1.01,-0.8,0,0,148.36,0,0,0,0,243,243,9,100,232,111,0,0,0,0,6,1
116.35322,39.9687,1.01,-0.8,0,0,148.36,0,0,0,0,252,252,9,100,232,111,0,0,0,0,6,1
116.35322,39.9687,1.01,-0.8,0,0,148.36,0,0,0,0,252,252,9,100,232,111,0,0,0,0,6,1
116.35322,39.9687,1.01,-0.8,0,0,148.36,0,0,0,0,9,9,9,100,232,111,0,0,0,0,6,1
116.35322,39.9687,1.01,-0.8,0,0,148.36,0,0,0,0,252,252,9,100,232,111,0,0,0,0,6,1
116.35322,39.9687,1.01,-0.8,0,0,148.36,0,0,0,0,213,213,9,100,232,111,0,0,0,0,6,1
116.35322,39.9687,1.01,-0.8,0,0,148.36,0,0,0,0,9,9,9,100,232,111,0,0,0,0,6,1
116.35322,39.9687,1.01,-0.8,0,0,148.36,0,0,0,0,47,47,9,100,232,111,0,0,0,0,6,1
116.35322,39.9687,1.01,-0.8,0,0,148.36,0,0,0,0,72,72,9,100,232,111,0,0,0,0,6,1
116.35322,39.9687,1.01,-0.8,0,0,148.36,0,0,0,0,9,9,9,100,232,111,0,0,0,0,6,1
116.35322,39.9687,1.01,-0.8,0,0,148.36,0,0,0,0,41,41,9,100,232,111,0,0,0,0,6,1
116.35322,39.9687,1.01,-0.8,0,0,148.36,0,0,0,0,9,9,9,100,232,111,0,0,0,0,6,1
116.35322,39.9687,1.01,-0.8,0,0,148.36,0,0,0,0,75,75,9,100,232,111,0,0,0,0,6,1
116.35322,39.9687,1.01,-0.8,0,0,148.36,0,0,0,0,9,9,9,100,232,111,0,0,0,0,6,1
116.35322,39.9687,1.01,-0.8,0,0,148.36,0,0,0,0,252,252,9,100,232,111,0,0,0,0,3,1
116.35322,39.9687,1.01,-0.8,0,0,148.37,0,0,0,0,252,252,9,100,232,111,0,0,0,0,3,1
116.35322,39.9687,1.01,-0.8,0,0,148.37,0,0,0,0,9,9,9,100,232,111,0,0,0,0,3,1
116.35322,39.9687,1.01,-0.8,0,0,148.37,0,0,0,0,9,9,84,100,232,111,0,0,0,0,3,1
116.35322,39.9687,1.01,-0.8,0,0,148.37,0,0,0,0,9,9,252,100,232,111,0,0,0,0,3,1
116.35322,39.9687,1.01,-0.8,0,0,148.37,0,0,0,0,9,9,9,100,232,111,0,0,0,0,3,1
116.35322,39.9687,1.01,-0.8,0,0,148.37,0,0,0,0,9,9,224,100,232,111,0,0,0,0,3,1
116.35322,39.9687,1.01,-0.8,0,0,148.37,0,0,0,0,9,9,9,100,232,111,0,0,0,0,3,1
116.35322,39.9687,1.01,-0.8,0,0,148.37,0,0,0,0,9,9,252,100,232,111,0,0,0,0,3,1
116.35322,39.9687,1.01,-0.8,0,0,148.37,0,0,0,0,9,9,9,100,232,111,0,0,0,0,3,1
116.35322,39.9687,1.01,-0.8,0,0,148.37,0,0,0,0,9,9,200,100,232,111,0,0,0,0,3,1
116.35322,39.9687,1.01,-0.8,0,0,148.37,0,0,0,0,9,9,80,100,232,111,0,0,0,0,3,1
116.35322,39.9687,1.01,-0.8,0,0,148.37,0,0,0,0,9,9,252,100,232,111,0,0,0,0,3,1
116.35322,39.9687,1.01,-0.8,0,0,148.37,0,0,0,0,9,9,214,100,232,111,0,0,0,0,3,1
116.35322,39.9687,1.01,-0.8,0,0,148.37,0,0,0,0,9,9,79,100,232,111,0,0,0,0,3,1
116.35322,39.9687,1.01,-0.8,0,0,148.37,0,0,0,0,9,9,24,100,232,111,0,0,0,0,3,1
116.35322,39.9687,1.01,-0.8,0,0,148.37,0,0,0,0,9,9,16,100,232,111,0,0,0,0,3,1
116.35322,39.9687,1.01,-0.8,0,0,148.37,0,0,0,0,9,9,252,100,232,111,0,0,0,0,3,1
116.35322,39.9687,1.01,-0.8,0,0,148.37,0,0,0,0,9,9,77,100,232,111,0,0,0,0,3,1
116.35322,39.9687,1.01,-0.8,0,0,148.37,0,0,0,0,9,9,77,100,232,111,0,0,0,0,3,1
116.35322,39.9687,1.01,-0.8,0,0,148.37,0,0,0,0,9,9,9,100,232,111,0,0,0,0,3,1
116.35322,39.9687,1.01,-0.8,0,0,148.37,0,0,0,0,9,9,9,100,232,111,0,0,0,0,3,1
116.35322,39.9687,1.01,-0.8,0,0,148.37,0,0,0,0,9,9,252,100,232,111,0,0,0,0,3,1
116.35322,39.9687,1.01,-0.8,0,0,148.37,0,0,0,0,9,9,106,100,232,111,0,0,0,0,3,1
116.35322,39.9687,1.01,-0.8,0,0,148.37,0,0,0,0,9,9,141,100,232,111,0,0,0,0,3,1
116.35322,39.9687,1.01,-0.8,0,0,148.37,0,0,0,0,9,9,164,100,232,111,0,0,0,0,3,1
116.35322,39.9687,1.01,-0.8,0,0,148.37,0,0,0,0,9,9,164,100,232,111,0,0,0,0,3,4
116.35322,39.9687,1.01,-0.8,0,0,148.37,0,0,0,0,9,9,164,100,232,111,0,0,0,0,3,4
116.35322,39.9687,1.01,-0.8,0,0,148.38,0,0,0,0,9,9,9,100,232,111,0,0,0,0,3,4
116.35322,39.9687,1.01,-0.8,0,0,148.38,0,0,0,0,9,9,9,100,232,111,0,0,0,0,3,4
116.35322,39.9687,1.01,-0.8,0,0,148.38,0,0,0,0,9,9,9,100,232,111,0,0,0,0,3,4
116.35322,39.9687,1.01,-0.8,0,0,148.38,0,0,0,0,9,9,9,100,232,111,0,0,0,0,3,4
116.35322,39.9687,1.01,-0.8,0,0,148.38,0,0,0,0,9,9,9,100,232,111,0,0,0,0,6,4
116.35322,39.9687,1.01,-0.8,0,0,148.38,0,0,0,0,9,9,45,100,232,111,0,0,0,0,6,4
116.35322,39.9687,1.01,-0.8,0,0,148.38,0,0,0,0,9,9,84,100,232,111,0,0,0,0,6,4
116.35322,39.9687,1.01,-0.8,0,0,148.38,0,0,0,0,9,9,84,100,232,111,0,0,0,0,6,4
116.35322,39.9687,1.01,-0.8,0,0,148.38,0,0,0,0,9,9,128,100,232,111,0,0,0,0,6,4
116.35322,39.9687,1.01,-0.8,0,0,148.38,0,0,0,0,9,9,146,100,232,111,0,0,0,0,6,4
116.35322,39.9687,1.01,-0.8,0,0,148.38,0,0,0,0,9,9,169,100,232,111,0,0,0,0,6,4
116.35322,39.9687,1.01,-0.8,0,0,148.38,0,0,0,0,9,9,177,100,232,111,0,0,0,0,6,4
116.35322,39.9687,1.01,-0.8,0,0,148.38,0,0,0,0,9,9,138,100,232,111,0,0,0,0,6,4
116.35322,39.9687,1.01,-0.8,0,0,148.38,0,0,0,0,9,9,9,100,232,111,0,0,0,0,6,4
116.35322,39.9687,1.01,-0.8,0,0,148.38,0,0,0,0,9,9,252,100,232,111,0,0,0,0,6,4
116.35322,39.9687,1.01,-0.8,0,0,148.38,0,0,0,0,9,9,53,100,232,111,0,0,0,0,6,4
116.35322,39.9687,1.01,-0.8,0,0,148.38,0,0,0,0,9,9,9,100,232,111,0,0,0,0,6,4
116.35322,39.9687,1.01,-0.8,0,0,148.38,0,0,0,0,9,9,252,100,232,111,0,0,0,0,6,4
116.35322,39.9687,1.01,-0.8,0,0,148.38,0,0,0,0,9,9,9,100,232,111,0,0,0,0,6,4
116.35322,39.9687,1.01,-0.8,0,0,148.38,0,0,0,0,9,9,9,100,232,111,0,0,0,0,6,4
116.35322,39.9687,1.01,-0.8,0,0,148.38,0,0,0,0,9,9,9,100,232,111,0,0,0,0,6,4
116.35322,39.9687,1.01,-0.8,0,0,148.38,0,0,0,0,9,9,252,100,232,111,0,0,0,0,6,4
116.35322,39.9687,1.01,-0.8,0,0,148.38,0,0,0,0,9,9,241,100,232,111,0,0,0,0,6,4
116.35322,39.9687,1.01,-0.8,0,0,148.38,0,0,0,0,9,9,252,100,232,111,0,0,0,0,6,4
116.35322,39.9687,1.01,-0.8,0,0,148.38,0,0,0,0,9,9,252,100,232,111,0,0,0,0,6,4
116.35322,39.9687,1.01,-0.8,0,0,148.38,0,0,0,0,9,9,252,100,232,111,0,0,0,0,6,4
116.35322,39.9687,1.01,-0.8,0,0,148.38,0,0,0,0,9,9,252,100,232,111,0,0,0,0,6,4
116.35322,39.9687,1.01,-0.8,0,0,148.38,0,0,0,0,9,9,252,100,232,111,0,0,0,0,6,4
116.35322,39.9687,1.01,-0.8,0,0,148.39,0,0,0,0,9,9,252,100,232,111,0,0,0,0,6,4
116.35322,39.9687,1.01,-0.8,0,0,148.39,0,0,0,0,9,9,252,100,232,111,0,0,0,0,6,4
116.35322,39.9687,1.01,-0.8,0,0,148.39,0,0,0,0,9,9,252,100,232,111,0,0,0,0,6,4
116.35322,39.9687,1.01,-0.8,0,0,148.39,0,0,0,0,9,9,252,100,232,111,0,0,0,0,6,4
116.35322,39.9687,1.01,-0.8,0,0,148.39,0,0,0,0,9,9,252,100,232,111,0,0,0,0,6,4
116.35322,39.9687,1.01,-0.8,0,0,148.39,0,0,0,0,9,9,252,100,232,111,0,0,0,0,6,4
116.35322,39.9687,1.01,-0.8,0,0,148.39,0,0,0,0,9,9,252,100,232,111,0,0,0,0,6,4
116.35322,39.9687,1.01,-0.8,0,0,148.39,0,0,0,0,9,9,252,100,232,111,0,0,0,0,6,4
116.35322,39.9687,1.01,-0.8,0,0,148.39,0,0,0,0,9,9,252,100,232,111,0,0,0,0,6,4
116.35322,39.9687,1.01,-0.8,0,0,148.39,0,0,0,0,9,9,252,100,232,111,0,0,0,0,6,4
116.35322,39.9687,1.01,-0.8,0,0,148.39,0,0,0,0,9,9,252,100,232,111,0,0,0,0,6,4
116.35322,39.9687,1.01,-0.8,0,0,148.39,0,0,0,0,9,9,252,100,232,111,0,0,0,0,6,4
116.35322,39.9687,1.01,-0.8,0,0,148.39,0,0,0,0,9,9,252,100,232,111,0,0,0,0,6,4
116.35322,39.9687,1.01,-0.8,0,0,148.39,0,0,0,0,9,9,252,100,232,111,0,0,0,0,6,4
116.35322,39.9687,1.01,-0.8,0,0,148.39,0,0,0,0,9,9,252,100,232,111,0,0,0,0,6,4
116.35322,39.9687,1.01,-0.8,0,0,148.39,0,0,0,0,9,9,252,100,232,111,0,0,0,0,6,4
116.35322,39.9687,1.01,-0.8,0,0,148.39,0,0,0,0,9,9,252,100,232,111,0,0,0,0,6,4
116.35322,39.9687,1.01,-0.8,0,0,148.39,0,0,0,0,9,9,252,100,232,111,0,0,0,0,6,4
116.35322,39.9687,1.01,-0.8,0,0,148.39,0,0,0,0,9,9,252,100,232,111,0,0,0,0,6,4
116.35322,39.9687,1.01,-0.8,0,0,148.39,0,0,0,0,9,9,252,100,232,111,0,0,0,0,6,4
116.35322,39.9687,1.01,-0.8,0,0,148.39,0,0,0,0,9,9,252,100,232,111,0,0,0,0,6,4
116.35322,39.9687,1.01,-0.8,0,0,148.39,0,0,0,0,9,9,252,100,232,111,0,0,0,0,6,4
116.35322,39.9687,1.01,-0.8,0,0,148.39,0,0,0,0,9,9,252,100,232,111,0,0,0,0,6,4
116.35322,39.9687,1.01,-0.8,0,0,148.39,0,0,0,0,9,9,252,100,232,111,0,0,0,0,6,4
116.35322,39.9687,1.01,-0.8,0,0,148.39,0,0,0,0,9,9,252,100,232,111,0,0,0,0,6,4
116.35322,39.9687,1.01,-0.8,0,0,148.39,0,0,0,0,9,9,252,100,232,111,0,0,0,0,6,4
116.35322,39.9687,1.01,-0.8,0,0,148.39,0,0,0,0,9,9,252,100,232,111,0,0,0,0,6,4
116.35322,39.9687,1.01,-0.8,0,0,148.4,0,0,0,0,9,9,252,100,232,111,0,0,0,0,6,4
116.35322,39.9687,1.01,-0.8,0,0,148.4,0,0,0,0,9,9,252,100,232,111,0,0,0,0,6,4
116.35322,39.9687,1.01,-0.8,0,0,148.4,0,0,0,0,9,9,252,100,232,111,0,0,0,0,6,4
116.35322,39.9687,1.01,-0.8,0,0,148.4,0,0,0,0,9,9,252,100,232,111,0,0,0,0,6,4
116.35322,39.9687,1.01,-0.8,0,0,148.4,0,0,0,0,9,9,252,100,232,111,0,0,0,0,6,4
116.35322,39.9687,1.01,-0.8,0,0,148.4,0,0,0,0,9,9,252,100,232,111,0,0,0,0,6,4
116.35322,39.9687,1.01,-0.8,0,0,148.4,0,0,0,0,9,9,252,100,232,111,0,0,0,0,6,4
116.35322,39.9687,1.01,-0.8,0,0,148.4,0,0,0,0,9,9,252,100,232,111,0,0,0,0,6,4
116.35322,39.9687,1.01,-0.8,0,0,148.4,0,0,0,0,9,9,252,100,232,111,0,0,0,0,6,4
116.35322,39.9687,1.01,-0.8,0,0,148.4,0,0,0,0,9,9,252,100,232,111,0,0,0,0,6,4
116.35322,39.9687,1.01,-0.8,0,0,148.4,0,0,0,0,9,9,252,100,232,111,0,0,0,0,6,4
116.35322,39.9687,1.01,-0.8,0,0,148.4,0,0,0,0,9,9,252,100,232,111,0,0,0,0,6,4
116.35322,39.9687,1.01,-0.8,0,0,148.4,0,0,0,0,9,9,252,100,232,111,0,0,0,0,6,4
116.35322,39.9687,1.01,-0.8,0,0,148.4,0,0,0,0,9,9,252,100,232,111,0,0,0,0,6,4
116.35322,39.9687,1.01,-0.8,0,0,148.4,0,0,0,0,9,9,252,100,232,111,0,0,0,0,6,4
116.35322,39.9687,1.01,-0.8,0,0,148.4,0,0,0,0,9,9,252,100,232,111,0,0,0,0,6,4
116.35322,39.9687,1.01,-0.8,0,0,148.4,0,0,0,0,9,9,252,100,232,111,0,0,0,0,6,4
116.35322,39.9687,1.01,-0.8,0,0,148.4,0,0,0,0,9,9,252,100,232,111,0,0,0,0,6,4
116.35322,39.9687,1.01,-0.8,0,0,148.4,0,0,0,0,9,9,252,100,232,111,0,0,0,0,6,4
116.35322,39.9687,1.01,-0.8,0,0,148.4,0,0,0,0,9,9,252,100,232,111,0,0,0,0,6,4
116.35322,39.9687,1.01,-0.8,0,0,148.4,0,0,0,0,9,9,252,100,232,111,0,0,0,0,6,4
116.35322,39.9687,1.01,-0.8,0,0,148.4,0,0,0,0,9,9,252,100,232,111,0,0,0,0,6,4
116.35322,39.9687,1.01,-0.8,0,0,148.4,0,0,0,0,9,9,252,100,232,111,0,0,0,0,6,4
116.35322,39.9687,1.01,-0.8,0,0,148.4,0,0,0,0,9,9,252,100,232,111,0,0,0,0,6,4
116.35322,39.9687,1.01,-0.8,0,0,148.4,0,0,0,0,9,9,252,100,232,111,0,0,0,0,6,4
116.35322,39.9687,1.01,-0.8,0,0,148.4,0,0,0,0,9,9,252,100,232,111,0,0,0,0,6,4
116.35322,39.9687,1.01,-0.8,0,0,148.4,0,0,0,0,9,9,252,100,232,111,0,0,0,0,6,4
116.35322,39.9687,1.01,-0.8,0,0,148.41,0,0,0,0,9,9,252,100,232,111,0,0,0,0,6,4
116.35322,39.9687,1.01,-0.8,0,0,148.41,0,0,0,0,9,9,252,100,232,111,0,0,0,0,6,4
116.35322,39.9687,1.01,-0.8,0,0,148.41,0,0,0,0,9,9,252,100,232,111,0,0,0,0,6,4
116.35322,39.9687,1.01,-0.8,0,0,148.41,0,0,0,0,9,9,252,100,232,111,0,0,0,0,6,4
116.35322,39.9687,1.01,-0.8,0,0,148.41,0,0,0,0,9,9,252,100,232,111,0,0,0,0,6,4
116.35322,39.9687,1.01,-0.8,0,0,148.41,0,0,0,0,9,9,252,100,232,111,0,0,0,0,6,4
116.35322,39.9687,1.01,-0.8,0,0,148.41,0,0,0,0,9,9,252,100,232,111,0,0,0,0,6,4
116.35322,39.9687,1.01,-0.8,0,0,148.41,0,0,0,0,9,9,252,100,232,111,0,0,0,0,6,4
116.35322,39.9687,1.01,-0.8,0,0,148.41,0,0,0,0,9,9,252,100,232,111,0,0,0,0,6,4
116.35322,39.9687,1.01,-0.8,0,0,148.41,0,0,0,0,9,9,252,100,232,111,0,0,0,0,6,4
116.35322,39.9687,1.01,-0.8,0,0,148.41,0,0,0,0,9,9,252,100,232,111,0,0,0,0,6,4
116.35322,39.9687,1.01,-0.8,0,0,148.41,0,0,0,0,9,9,252,100,232,111,0,0,0,0,6,4
116.35322,39.9687,1.01,-0.8,0,0,148.41,0,0,0,0,9,9,252,100,232,111,0,0,0,0,6,4
116.35322,39.9687,1.01,-0.8,0,0,148.41,0,0,0,0,9,9,252,100,232,111,0,0,0,0,6,4
116.35322,39.9687,1.01,-0.8,0,0,148.41,0,0,0,0,9,9,252,100,232,111,0,0,0,0,6,4
116.35322,39.9687,1.01,-0.8,0,0,148.41,0,0,0,0,9,9,252,100,232,111,0,0,0,0,6,4
116.35322,39.9687,1.01,-0.8,0,0,148.41,0,0,0,0,9,9,252,100,232,111,0,0,0,0,6,4
116.35322,39.9687,1.01,-0.8,0,0,148.41,0,0,0,0,9,9,252,100,232,111,0,0,0,0,6,4
116.35322,39.9687,1.01,-0.8,0,0,148.41,0,0,0,0,9,9,252,100,232,111,0,0,0,0,6,4
116.35322,39.9687,1.01,-0.8,0,0,148.41,0,0,0,0,9,9,252,100,232,111,0,0,0,0,6,4
116.35322,39.9687,1.01,-0.8,0,0,148.41,0,0,0,0,9,9,252,100,232,111,0,0,0,0,6,4
116.35322,39.9687,1.01,-0.8,0,0,148.41,0,0,0,0,9,9,252,100,232,111,0,0,0,0,6,4
116.35322,39.9687,1.01,-0.8,0,0,148.41,0,0,0,0,9,9,252,100,232,111,0,0,0,0,6,4
116.35322,39.9687,1.01,-0.8,0,0,148.41,0,0,0,0,9,9,252,100,232,111,0,0,0,0,6,4
116.35322,39.9687,1.01,-0.8,0,0,148.41,0,0,0,0,9,9,252,100,232,111,0,0,0,0,6,4
116.35322,39.9687,1.01,-0.8,0,0,148.41,0,0,0,0,9,9,252,100,232,111,0,0,0,0,6,4
116.35322,39.9687,1.01,-0.8,0,0,148.41,0,0,0,0,9,9,252,100,232,111,0,0,0,0,6,4
116.35322,39.9687,1.01,-0.8,0,0,148.41,0,0,0,0,9,9,252,100,232,111,0,0,0,0,6,4
116.35322,39.9687,1.01,-0.8,0,0,148.42,0,0,0,0,9,9,252,100,232,111,0,0,0,0,6,4
116.35322,39.9687,1.01,-0.8,0,0,148.42,0,0,0,0,9,9,252,100,232,111,0,0,0,0,6,4
116.35322,39.9687,1.01,-0.8,0,0,148.42,0,0,0,0,9,9,252,100,232,111,0,0,0,0,6,4
116.35322,39.9687,1.01,-0.8,0,0,148.42,0,0,0,0,9,9,252,100,232,111,0,0,0,0,6,4
116.35322,39.9687,1.01,-0.8,0,0,148.42,0,0,0,0,9,9,252,100,232,111,0,0,0,0,6,4
116.35322,39.9687,1.01,-0.8,0,0,148.42,0,0,0,0,9,9,252,100,232,111,0,0,0,0,6,4
116.35322,39.9687,1.01,-0.8,0,0,148.42,0,0,0,0,9,9,252,100,232,111,0,0,0,0,6,4
116.35322,39.9687,1.01,-0.8,0,0,148.42,0,0,0,0,9,9,252,100,232,111,0,0,0,0,6,4
116.35322,39.9687,1.01,-0.8,0,0,148.42,0,0,0,0,9,9,252,100,232,111,0,0,0,0,6,4
116.35322,39.9687,1.01,-0.8,0,0,148.42,0,0,0,0,9,9,252,100,232,111,0,0,0,0,6,4
116.35322,39.9687,1.01,-0.8,0,0,148.42,0,0,0,0,9,9,252,100,232,111,0,0,0,0,6,4
116.35322,39.9687,1.01,-0.8,0,0,148.42,0,0,0,0,9,9,252,100,232,111,0,0,0,0,6,4
116.35322,39.9687,1.01,-0.8,0,0,148.42,0,0,0,0,9,9,252,100,232,111,0,0,0,0,6,4
116.35322,39.9687,1.01,-0.8,0,0,148.42,0,0,0,0,9,9,252,100,232,111,0,0,0,0,6,4
116.35322,39.9687,1.01,-0.8,0,0,148.42,0,0,0,0,9,9,252,100,232,111,0,0,0,0,6,4
116.35322,39.9687,1.01,-0.8,0,0,148.42,0,0,0,0,9,9,252,100,232,111,0,0,0,0,6,4
116.35322,39.9687,1.01,-0.8,0,0,148.42,0,0,0,0,9,9,252,100,232,111,0,0,0,0,6,4
116.35322,39.9687,1.01,-0.8,0,0,148.42,0,0,0,0,9,9,252,100,232,111,0,0,0,0,6,4
116.35322,39.9687,1.01,-0.8,0,0,148.42,0,0,0,0,9,9,252,100,232,111,0,0,0,0,6,4
116.35322,39.9687,1.01,-0.8,0,0,148.42,0,0,0,0,9,9,252,100,232,111,0,0,0,0,6,4
116.35322,39.9687,1.01,-0.8,0,0,148.42,0,0,0,0,9,9,252,100,232,111,0,0,0,0,6,4
116.35322,39.9687,1.01,-0.8,0,0,148.42,0,0,0,0,9,9,252,100,232,111,0,0,0,0,6,4
116.35322,39.9687,1.01,-0.8,0,0,148.42,0,0,0,0,9,9,252,100,232,111,0,0,0,0,6,4
116.35322,39.9687,1.01,-0.8,0,0,148.42,0,0,0,0,9,9,252,100,232,111,0,0,0,0,6,4
116.35322,39.9687,1.01,-0.8,0,0,148.42,0,0,0,0,9,9,252,100,232,111,0,0,0,0,6,4
116.35322,39.9687,1.01,-0.8,0,0,148.42,0,0,0,0,9,9,252,100,232,111,0,0,0,0,6,4
116.35322,39.9687,1.01,-0.8,0,0,148.42,0,0,0,0,9,9,252,100,232,111,0,0,0,0,6,4
116.35322,39.9687,1.01,-0.8,0,0,148.42,0,0,0,0,9,9,252,100,232,111,0,0,0,0,6,4
116.35322,39.9687,1.01,-0.8,0,0,148.43,0,0,0,0,9,9,252,100,232,111,0,0,0,0,6,4
116.35322,39.9687,1.01,-0.8,0,0,148.43,0,0,0,0,9,9,252,100,232,111,0,0,0,0,6,4
116.35322,39.9687,1.01,-0.8,0,0,148.43,0,0,0,0,9,9,252,100,232,111,0,0,0,0,6,4
116.35322,39.9687,1.01,-0.8,0,0,148.43,0,0,0,0,9,9,252,100,232,111,0,0,0,0,6,4
116.35322,39.9687,1.01,-0.8,0,0,148.43,0,0,0,0,9,9,252,100,232,111,0,0,0,0,6,4
116.35322,39.9687,1.01,-0.8,0,0,148.43,0,0,0,0,9,9,252,100,232,111,0,0,0,0,6,4
116.35322,39.9687,1.01,-0.8,0,0,148.43,0,0,0,0,9,9,252,100,232,111,0,0,0,0,6,4
116.35322,39.9687,1.01,-0.8,0,0,148.43,0,0,0,0,9,9,252,100,232,111,0,0,0,0,6,4
116.35322,39.9687,1.01,-0.8,0,0,148.43,0,0,0,0,9,9,252,100,232,111,0,0,0,0,6,4
116.35322,39.9687,1.01,-0.8,0,0,148.43,0,0,0,0,9,9,252,100,232,111,0,0,0,0,6,4
116.35322,39.9687,1.01,-0.8,0,0,148.43,0,0,0,0,9,9,252,100,232,111,0,0,0,0,6,4
116.35322,39.9687,1.01,-0.8,0,0,148.43,0,0,0,0,9,9,252,100,232,111,0,0,0,0,6,4
116.35322,39.9687,1.01,-0.8,0,0,148.43,0,0,0,0,9,9,252,100,232,111,0,0,0,0,6,4
116.35322,39.9687,1.01,-0.8,0,0,148.43,0,0,0,0,9,9,252,100,232,111,0,0,0,0,6,4
116.35322,39.9687,1.01,-0.8,0,0,148.43,0,0,0,0,9,9,252,100,232,111,0,0,0,0,6,4
116.35322,39.9687,1.01,-0.8,0,0,148.43,0,0,0,0,9,9,252,100,232,111,0,0,0,0,6,4
116.35322,39.9687,1.01,-0.8,0,0,148.43,0,0,0,0,9,9,252,100,232,111,0,0,0,0,6,4
116.35322,39.9687,1.01,-0.8,0,0,148.43,0,0,0,0,9,9,252,100,232,111,0,0,0,0,6,4
116.35322,39.9687,1.01,-0.8,0,0,148.43,0,0,0,0,9,9,252,100,232,111,0,0,0,0,6,4
116.35322,39.9687,1.01,-0.8,0,0,148.43,0,0,0,0,9,9,252,100,232,111,0,0,0,0,6,4
116.35322,39.9687,1.01,-0.8,0,0,148.43,0,0,0,0,9,9,252,100,232,111,0,0,0,0,6,4
116.35322,39.9687,1.01,-0.8,0,0,148.43,0,0,0,0,9,9,252,100,232,111,0,0,0,0,6,4
116.35322,39.9687,1.01,-0.8,0,0,148.43,0,0,0,0,9,9,252,100,232,111,0,0,0,0,6,4
116.35322,39.9687,1.01,-0.8,0,0,148.43,0,0,0,0,9,9,252,100,232,111,0,0,0,0,6,4
116.35322,39.9687,1.01,-0.8,0,0,148.43,0,0,0,0,9,9,252,100,232,111,0,0,0,0,6,4
116.35322,39.9687,1.01,-0.8,0,0,148.43,0,0,0,0,9,9,252,100,232,111,0,0,0,0,6,4
116.35322,39.9687,1.01,-0.8,0,0,148.43,0,0,0,0,9,9,252,100,232,111,0,0,0,0,6,4
116.35322,39.9687,1.01,-0.8,0,0,148.43,0,0,0,0,9,9,252,100,232,111,0,0,0,0,6,4
116.35322,39.9687,1.01,-0.8,0,0,148.44,0,0,0,0,9,9,252,100,232,111,0,0,0,0,6,4
116.35322,39.9687,1.01,-0.8,0,0,148.44,0,0,0,0,9,9,252,100,232,111,0,0,0,0,6,4
116.35322,39.9687,1.01,-0.8,0,0,148.44,0,0,0,0,9,9,252,100,232,111,0,0,0,0,6,4
116.35322,39.9687,1.01,-0.8,0,0,148.44,0,0,0,0,9,9,252,100,232,111,0,0,0,0,6,4
116.35322,39.9687,1.01,-0.8,0,0,148.44,0,0,0,0,9,9,252,100,232,111,0,0,0,0,6,4
116.35322,39.9687,1.01,-0.8,0,0,148.44,0,0,0,0,9,9,252,100,232,111,0,0,0,0,6,4
116.35322,39.9687,1.01,-0.8,0,0,148.44,0,0,0,0,9,9,252,100,232,111,0,0,0,0,6,4
116.35322,39.9687,1.01,-0.8,0,0,148.44,0,0,0,0,9,9,252,100,232,111,0,0,0,0,6,4
116.35322,39.9687,1.01,-0.8,0,0,148.44,0,0,0,0,9,9,252,100,232,111,0,0,0,0,6,4
116.35322,39.9687,1.01,-0.8,0,0,148.44,0,0,0,0,9,9,252,100,232,111,0,0,0,0,6,4
116.35322,39.9687,1.01,-0.8,0,0,148.44,0,0,0,0,9,9,252,100,232,111,0,0,0,0,6,4
116.35322,39.9687,1.01,-0.8,0,0,148.44,0,0,0,0,9,9,252,100,232,111,0,0,0,0,6,4
116.35322,39.9687,1.01,-0.8,0,0,148.44,0,0,0,0,9,9,252,100,232,111,0,0,0,0,6,4
116.35322,39.9687,1.01,-0.8,0,0,148.44,0,0,0,0,9,9,252,100,232,111,0,0,0,0,6,4
116.35322,39.9687,1.01,-0.8,0,0,148.44,0,0,0,0,9,9,252,100,232,111,0,0,0,0,6,4
116.35322,39.9687,1.01,-0.8,0,0,148.44,0,0,0,0,9,9,252,100,232,111,0,0,0,0,6,4
116.35322,39.9687,1.01,-0.8,0,0,148.44,0,0,0,0,9,9,252,100,232,111,0,0,0,0,6,4
116.35322,39.9687,1.01,-0.8,0,0,148.44,0,0,0,0,9,9,252,100,232,111,0,0,0,0,6,4
116.35322,39.9687,1.01,-0.8,0,0,148.44,0,0,0,0,9,9,252,100,232,111,0,0,0,0,6,4
116.35322,39.9687,1.01,-0.8,0,0,148.44,0,0,0,0,9,9,252,100,232,111,0,0,0,0,6,4
116.35322,39.9687,1.01,-0.8,0,0,148.44,0,0,0,0,9,9,252,100,232,111,0,0,0,0,6,4
116.35322,39.9687,1.01,-0.8,0,0,148.44,0,0,0,0,9,9,252,100,232,111,0,0,0,0,6,4
116.35322,39.9687,1.01,-0.8,0,0,148.44,0,0,0,0,9,9,252,100,232,111,0,0,0,0,6,4
116.35322,39.9687,1.01,-0.8,0,0,148.44,0,0,0,0,9,9,252,100,232,111,0,0,0,0,6,4
116.35322,39.9687,1.01,-0.8,0,0,148.44,0,0,0,0,9,9,252,100,232,111,0,0,0,0,6,4
116.35322,39.9687,1.01,-0.8,0,0,148.44,0,0,0,0,9,9,252,100,232,111,0,0,0,0,6,4
116.35322,39.9687,1.01,-0.8,0,0,148.44,0,0,0,0,9,9,252,100,232,111,0,0,0,0,6,4
116.35322,39.9687,1.01,-0.8,0,0,148.45,0,0,0,0,9,9,252,100,232,111,0,0,0,0,6,4
116.35322,39.9687,1.01,-0.8,0,0,148.45,0,0,0,0,9,9,252,100,232,111,0,0,0,0,6,4
116.35322,39.9687,1.01,-0.8,0,0,148.45,0,0,0,0,9,9,252,100,232,111,0,0,0,0,6,4
116.35322,39.9687,1.01,-0.8,0,0,148.45,0,0,0,0,9,9,252,100,232,111,0,0,0,0,6,4
116.35322,39.9687,1.01,-0.8,0,0,148.45,0,0,0,0,9,9,252,100,232,111,0,0,0,0,6,4
116.35322,39.9687,1.01,-0.8,0,0,148.45,0,0,0,0,9,9,252,100,232,111,0,0,0,0,6,4
116.35322,39.9687,1.01,-0.8,0,0,148.45,0,0,0,0,9,9,252,100,232,111,0,0,0,0,6,4
116.35322,39.9687,1.01,-0.8,0,0,148.45,0,0,0,0,9,9,252,100,232,111,0,0,0,0,6,4
116.35322,39.9687,1.01,-0.8,0,0,148.45,0,0,0,0,9,9,252,100,232,111,0,0,0,0,6,4
116.35322,39.9687,1.01,-0.8,0,0,148.45,0,0,0,0,9,9,252,100,232,111,0,0,0,0,6,4
116.35322,39.9687,1.01,-0.8,0,0,148.45,0,0,0,0,9,9,252,100,232,111,0,0,0,0,6,4
116.35322,39.9687,1.01,-0.8,0,0,148.45,0,0,0,0,9,9,252,100,232,111,0,0,0,0,6,4
116.35322,39.9687,1.01,-0.8,0,0,148.45,0,0,0,0,9,9,252,100,232,111,0,0,0,0,6,4
116.35322,39.9687,1.01,-0.8,0,0,148.45,0,0,0,0,9,9,252,100,232,111,0,0,0,0,6,4
116.35322,39.9687,1.01,-0.8,0,0,148.45,0,0,0,0,9,9,252,100,232,111,0,0,0,0,6,4
116.35322,39.9687,1.01,-0.8,0,0,148.45,0,0,0,0,9,9,252,100,232,111,0,0,0,0,6,4
116.35322,39.9687,1.01,-0.8,0,0,148.45,0,0,0,0,9,9,252,100,232,111,0,0,0,0,6,4
116.35322,39.9687,1.01,-0.8,0,0,148.45,0,0,0,0,9,9,252,100,232,111,0,0,0,0,6,4
116.35322,39.9687,1.01,-0.8,0,0,148.45,0,0,0,0,9,9,252,100,232,111,0,0,0,0,6,4
116.35322,39.9687,1.01,-0.8,0,0,148.45,0,0,0,0,9,9,252,100,232,111,0,0,0,0,6,4
116.35322,39.9687,1.01,-0.8,0,0,148.45,0,0,0,0,9,9,252,100,232,111,0,0,0,0,6,4
116.35322,39.96871,1.01,-0.8,0,0,148.45,0,0,0,0,9,9,252,100,232,111,0,0,0,0,6,4
116.35322,39.96871,1.01,-0.8,0,0,148.45,0,0,0,0,9,9,252,100,232,111,0,0,0,0,6,4
116.35322,39.96871,1.01,-0.8,0,0,148.45,0,0,0,0,9,9,252,100,232,111,0,0,0,0,6,4
116.35322,39.96871,1.01,-0.8,0,0,148.45,0,0,0,0,9,9,252,100,232,111,0,0,0,0,6,4
116.35322,39.96871,1.01,-0.8,0,0,148.45,0,0,0,0,9,9,252,100,232,111,0,0,0,0,6,4
116.35322,39.96871,1.01,-0.8,0,0,148.45,0,0,0,0,9,9,252,100,232,111,0,0,0,0,6,4
116.35322,39.96871,1.01,-0.8,0,0,148.46,0,0,0,0,9,9,252,100,232,111,0,0,0,0,6,4
116.35322,39.96871,1.01,-0.8,0,0,148.46,0,0,0,0,9,9,252,100,232,111,0,0,0,0,6,4
116.35322,39.96871,1.01,-0.8,0,0,148.46,0,0,0,0,9,9,252,100,232,111,0,0,0,0,6,4
116.35322,39.96871,1.01,-0.8,0,0,148.46,0,0,0,0,9,9,252,100,232,111,0,0,0,0,6,4
116.35322,39.96871,1.01,-0.8,0,0,148.46,0,0,0,0,9,9,252,100,232,111,0,0,0,0,6,4
116.35322,39.96871,1.01,-0.8,0,0,148.46,0,0,0,0,9,9,252,100,232,111,0,0,0,0,6,4
116.35322,39.96871,1.01,-0.8,0,0,148.46,0,0,0,0,9,9,252,100,232,111,0,0,0,0,6,4
116.35322,39.96871,1.01,-0.8,0,0,148.46,0,0,0,0,9,9,252,100,232,111,0,0,0,0,6,4
116.35322,39.96871,1.01,-0.8,0,0,148.46,0,0,0,0,9,9,252,100,232,111,0,0,0,0,6,4
116.35322,39.96871,1.01,-0.8,0,0,148.46,0,0,0,0,9,9,252,100,232,111,0,0,0,0,6,4
116.35322,39.96871,1.01,-0.8,0,0,148.46,0,0,0,0,9,9,252,100,232,111,0,0,0,0,6,4
116.35322,39.96871,1.01,-0.8,0,0,148.46,0,0,0,0,9,9,252,100,232,111,0,0,0,0,6,4
116.35322,39.96871,1.01,-0.8,0,0,148.46,0,0,0,0,9,9,252,100,232,111,0,0,0,0,6,4
116.35322,39.96871,1.01,-0.8,0,0,148.46,0,0,0,0,9,9,252,100,232,111,0,0,0,0,6,4
116.35322,39.96871,1.01,-0.8,0,0,148.46,0,0,0,0,9,9,252,100,232,111,0,0,0,0,6,4
116.35322,39.96871,1.01,-0.8,0,0,148.46,0,0,0,0,9,9,252,100,232,111,0,0,0,0,6,4
116.35322,39.96871,1.01,-0.8,0,0,148.46,0,0,0,0,9,9,252,100,232,111,0,0,0,0,6,4
116.35322,39.96871,1.01,-0.8,0,0,148.46,0,0,0,0,9,9,252,100,232,111,0,0,0,0,6,4
116.35322,39.96871,1.01,-0.8,0,0,148.46,0,0,0,0,9,9,252,100,232,111,0,0,0,0,6,4
116.35322,39.96871,1.01,-0.8,0,0,148.46,0,0,0,0,9,9,252,100,232,111,0,0,0,0,6,4
116.35322,39.96871,1.01,-0.8,0,0,148.46,0,0,0,0,9,9,252,100,232,111,0,0,0,0,6,4
116.35322,39.96871,1.01,-0.8,0,0,148.46,0,0,0,0,9,9,252,100,232,111,0,0,0,0,6,4
116.35322,39.96871,1.01,-0.8,0,0,148.46,0,0,0,0,9,9,252,100,232,111,0,0,0,0,6,4
116.35322,39.96871,1.01,-0.8,0,0,148.46,0,0,0,0,9,9,252,100,232,111,0,0,0,0,6,4
116.35322,39.96871,1.01,-0.8,0,0,148.46,0,0,0,0,9,9,252,100,232,111,0,0,0,0,6,4
116.35322,39.96871,1.01,-0.8,0,0,148.46,0,0,0,0,9,9,252,100,232,111,0,0,0,0,6,4
116.35322,39.96871,1.01,-0.8,0,0,148.46,0,0,0,0,9,9,252,100,232,111,0,0,0,0,6,4
116.35322,39.96871,1.01,-0.8,0,0,148.47,0,0,0,0,9,9,252,100,232,111,0,0,0,0,6,4
116.35322,39.96871,1.01,-0.8,0,0,148.47,0,0,0,0,9,9,252,100,232,111,0,0,0,0,6,4
116.35322,39.96871,1.01,-0.8,0,0,148.47,0,0,0,0,9,9,252,100,232,111,0,0,0,0,6,4
116.35322,39.96871,1.01,-0.8,0,0,148.47,0,0,0,0,9,9,252,100,232,111,0,0,0,0,6,4
116.35322,39.96871,1.01,-0.8,0,0,148.47,0,0,0,0,9,9,252,100,232,111,0,0,0,0,6,4
116.35322,39.96871,1.01,-0.8,0,0,148.47,0,0,0,0,9,9,252,100,232,111,0,0,0,0,6,4
116.35322,39.96871,1.01,-0.8,0,0,148.47,0,0,0,0,9,9,252,100,232,111,0,0,0,0,6,4
116.35322,39.96871,1.01,-0.8,0,0,148.47,0,0,0,0,9,9,252,100,232,111,0,0,0,0,6,4
116.35322,39.96871,1.01,-0.8,0,0,148.47,0,0,0,0,9,9,252,100,232,111,0,0,0,0,6,4
116.35322,39.96871,1.01,-0.8,0,0,148.47,0,0,0,0,9,9,252,100,232,111,0,0,0,0,6,4
116.35322,39.96871,1.01,-0.8,0,0,148.47,0,0,0,0,9,9,252,100,232,111,0,0,0,0,6,4
116.35322,39.96871,1.01,-0.8,0,0,148.47,0,0,0,0,9,9,252,100,232,111,0,0,0,0,6,4
116.35322,39.96871,1.01,-0.8,0,0,148.47,0,0,0,0,9,9,252,100,232,111,0,0,0,0,6,4
116.35322,39.96871,1.01,-0.8,0,0,148.47,0,0,0,0,9,9,252,100,232,111,0,0,0,0,6,4
116.35322,39.96871,1.01,-0.8,0,0,148.47,0,0,0,0,9,9,252,100,232,111,0,0,0,0,6,4
116.35322,39.96871,1.01,-0.8,0,0,148.47,0,0,0,0,9,9,252,100,232,111,0,0,0,0,6,4
116.35322,39.96871,1.01,-0.8,0,0,148.47,0,0,0,0,9,9,252,100,232,111,0,0,0,0,6,4
116.35322,39.96871,1.01,-0.8,0,0,148.47,0,0,0,0,9,9,252,100,232,111,0,0,0,0,6,4
116.35322,39.96871,1.01,-0.8,0,0,148.47,0,0,0,0,9,9,252,100,232,111,0,0,0,0,6,4
116.35322,39.96871,1.01,-0.8,0,0,148.47,0,0,0,0,9,9,252,100,232,111,0,0,0,0,6,4
116.35322,39.96871,1.01,-0.8,0,0,148.47,0,0,0,0,9,9,252,100,232,111,0,0,0,0,6,4
116.35322,39.96871,1.01,-0.8,0,0,148.47,0,0,0,0,9,9,252,100,232,111,0,0,0,0,6,4
116.35322,39.96871,1.01,-0.8,0,0,148.47,0,0,0,0,9,9,252,100,232,111,0,0,0,0,6,4
116.35322,39.96871,1.01,-0.8,0,0,148.47,0,0,0,0,9,9,252,100,232,111,0,0,0,0,6,4
116.35322,39.96871,1.01,-0.8,0,0,148.47,0,0,0,0,9,9,252,100,232,111,0,0,0,0,6,4
116.35322,39.96871,1.01,-0.8,0,0,148.47,0,0,0,0,9,9,252,100,232,111,0,0,0,0,6,4
116.35322,39.96871,1.01,-0.8,0,0,148.47,0,0,0,0,9,9,252,100,232,111,0,0,0,0,6,4
116.35322,39.96871,1.01,-0.8,0,0,148.47,0,0,0,0,9,9,252,100,232,111,0,0,0,0,6,4
116.35322,39.96871,1.01,-0.8,0,0,148.48,0,0,0,0,9,9,252,100,232,111,0,0,0,0,6,4
116.35322,39.96871,1.01,-0.8,0,0,148.48,0,0,0,0,9,9,252,100,232,111,0,0,0,0,6,4
116.35322,39.96871,1.01,-0.8,0,0,148.48,0,0,0,0,9,9,252,100,232,111,0,0,0,0,6,4
116.35322,39.96871,1.01,-0.8,0,0,148.48,0,0,0,0,9,9,252,100,232,111,0,0,0,0,6,4
116.35322,39.96871,1.01,-0.8,0,0,148.48,0,0,0,0,9,9,252,100,232,111,0,0,0,0,6,4
116.35322,39.96871,1.01,-0.8,0,0,148.48,0,0,0,0,9,9,252,100,232,111,0,0,0,0,6,4
116.35322,39.96871,1.01,-0.8,0,0,148.48,0,0,0,0,9,9,252,100,232,111,0,0,0,0,6,4
116.35322,39.96871,1.01,-0.8,0,0,148.48,0,0,0,0,9,9,252,100,232,111,0,0,0,0,6,4
116.35322,39.96871,1.01,-0.8,0,0,148.48,0,0,0,0,9,9,252,100,232,111,0,0,0,0,6,4
116.35322,39.96871,1.01,-0.8,0,0,148.48,0,0,0,0,9,9,252,100,232,111,0,0,0,0,6,4
116.35322,39.96871,1.01,-0.8,0,0,148.48,0,0,0,0,9,9,252,100,232,111,0,0,0,0,6,4
116.35322,39.96871,1.01,-0.8,0,0,148.48,0,0,0,0,9,9,252,100,232,111,0,0,0,0,6,4
116.35322,39.96871,1.01,-0.8,0,0,148.48,0,0,0,0,9,9,252,100,232,111,0,0,0,0,6,4
116.35322,39.96871,1.01,-0.8,0,0,148.48,0,0,0,0,9,9,252,100,232,111,0,0,0,0,6,4
116.35322,39.96871,1.01,-0.8,0,0,148.48,0,0,0,0,9,9,252,100,232,111,0,0,0,0,6,4
116.35322,39.96871,1.01,-0.8,0,0,148.48,0,0,0,0,9,9,252,100,232,111,0,0,0,0,6,4
116.35322,39.96871,1.01,-0.8,0,0,148.48,0,0,0,0,9,9,252,100,232,111,0,0,0,0,6,4
116.35322,39.96871,1.01,-0.8,0,0,148.48,0,0,0,0,9,9,252,100,232,111,0,0,0,0,6,4
116.35322,39.96871,1.01,-0.8,0,0,148.48,0,0,0,0,9,9,252,100,232,111,0,0,0,0,6,4
116.35322,39.96871,1.01,-0.8,0,0,148.48,0,0,0,0,9,9,252,100,232,111,0,0,0,0,6,4
116.35322,39.96871,1.01,-0.8,0,0,148.48,0,0,0,0,9,9,252,100,232,111,0,0,0,0,6,4
116.35322,39.96871,1.01,-0.8,0,0,148.48,0,0,0,0,9,9,252,100,232,111,0,0,0,0,6,4
116.35322,39.96871,1.01,-0.8,0,0,148.48,0,0,0,0,9,9,252,100,232,111,0,0,0,0,6,4
116.35322,39.96871,1.01,-0.8,0,0,148.48,0,0,0,0,9,9,252,100,232,111,0,0,0,0,6,4
116.35322,39.96871,1.01,-0.8,0,0,148.48,0,0,0,0,9,9,252,100,232,111,0,0,0,0,6,4
116.35322,39.96871,1.01,-0.8,0,0,148.48,0,0,0,0,9,9,252,100,232,111,0,0,0,0,6,4
116.35322,39.96871,1.01,-0.8,0,0,148.48,0,0,0,0,9,9,252,100,232,111,0,0,0,0,6,4
116.35322,39.96871,1.01,-0.8,0,0,148.49,0,0,0,0,9,9,252,100,232,111,0,0,0,0,6,4
116.35322,39.96871,1.01,-0.8,0,0,148.49,0,0,0,0,9,9,252,100,232,111,0,0,0,0,6,4
116.35322,39.96871,1.01,-0.8,0,0,148.49,0,0,0,0,9,9,252,100,232,111,0,0,0,0,6,4
116.35322,39.96871,1.01,-0.8,0,0,148.49,0,0,0,0,9,9,252,100,232,111,0,0,0,0,6,4
116.35322,39.96871,1.01,-0.8,0,0,148.49,0,0,0,0,9,9,252,100,232,111,0,0,0,0,6,4
116.35322,39.96871,1.01,-0.8,0,0,148.49,0,0,0,0,9,9,252,100,232,111,0,0,0,0,6,4
116.35322,39.96871,1.01,-0.8,0,0,148.49,0,0,0,0,9,9,252,100,232,111,0,0,0,0,6,4
116.35322,39.96871,1.01,-0.8,0,0,148.49,0,0,0,0,9,9,252,100,232,111,0,0,0,0,6,4
116.35322,39.96871,1.01,-0.8,0,0,148.49,0,0,0,0,9,9,252,100,232,111,0,0,0,0,6,4
116.35322,39.96871,1.01,-0.8,0,0,148.49,0,0,0,0,9,9,252,100,232,111,0,0,0,0,6,4
116.35322,39.96871,1.01,-0.8,0,0,148.49,0,0,0,0,9,9,252,100,232,111,0,0,0,0,6,4
116.35322,39.96871,1.01,-0.8,0,0,148.49,0,0,0,0,9,9,252,100,232,111,0,0,0,0,6,4
116.35322,39.96871,1.01,-0.8,0,0,148.49,0,0,0,0,9,9,252,100,232,111,0,0,0,0,6,4
116.35322,39.96871,1.01,-0.8,0,0,148.49,0,0,0,0,9,9,252,100,232,111,0,0,0,0,6,4
116.35322,39.96871,1.01,-0.8,0,0,148.49,0,0,0,0,9,9,252,100,232,111,0,0,0,0,6,4
116.35322,39.96871,1.01,-0.8,0,0,148.49,0,0,0,0,9,9,252,100,232,111,0,0,0,0,6,4
116.35322,39.96871,1.01,-0.8,0,0,148.49,0,0,0,0,9,9,252,100,232,111,0,0,0,0,6,4
116.35322,39.96871,1.01,-0.8,0,0,148.49,0,0,0,0,9,9,252,100,232,111,0,0,0,0,6,4
116.35322,39.96871,1.01,-0.8,0,0,148.49,0,0,0,0,9,9,252,100,232,111,0,0,0,0,6,4
116.35322,39.96871,1.01,-0.8,0,0,148.49,0,0,0,0,9,9,252,100,232,111,0,0,0,0,6,4
116.35322,39.96871,1.01,-0.8,0,0,148.49,0,0,0,0,9,9,252,100,232,111,0,0,0,0,6,4
116.35322,39.96871,1.01,-0.8,0,0,148.49,0,0,0,0,9,9,252,100,232,111,0,0,0,0,6,4
116.35322,39.96871,1.01,-0.8,0,0,148.49,0,0,0,0,9,9,252,100,232,111,0,0,0,0,6,4
116.35322,39.96871,1.01,-0.8,0,0,148.49,0,0,0,0,9,9,252,100,232,111,0,0,0,0,6,4
116.35322,39.96871,1.01,-0.8,0,0,148.49,0,0,0,0,9,9,252,100,232,111,0,0,0,0,6,4
116.35322,39.96871,1.01,-0.8,0,0,148.49,0,0,0,0,9,9,252,100,232,111,0,0,0,0,6,4
116.35322,39.96871,1.01,-0.8,0,0,148.49,0,0,0,0,9,9,252,100,232,111,0,0,0,0,6,4
116.35322,39.96871,1.01,-0.8,0,0,148.49,0,0,0,0,9,9,252,100,232,111,0,0,0,0,6,4
116.35322,39.96871,1.01,-0.8,0,0,148.5,0,0,0,0,9,9,252,100,232,111,0,0,0,0,6,4
116.35322,39.96871,1.01,-0.8,0,0,148.5,0,0,0,0,9,9,252,100,232,111,0,0,0,0,6,4
116.35322,39.96871,1.01,-0.8,0,0,148.5,0,0,0,0,9,9,252,100,232,111,0,0,0,0,6,4
116.35322,39.96871,1.01,-0.8,0,0,148.5,0,0,0,0,9,9,252,100,232,111,0,0,0,0,6,4
116.35322,39.96871,1.01,-0.8,0,0,148.5,0,0,0,0,9,9,252,100,232,111,0,0,0,0,6,4
116.35322,39.96871,1.01,-0.8,0,0,148.5,0,0,0,0,9,9,252,100,232,111,0,0,0,0,6,4
116.35322,39.96871,1.01,-0.8,0,0,148.5,0,0,0,0,9,9,252,100,232,111,0,0,0,0,6,4
116.35322,39.96871,1.01,-0.8,0,0,148.5,0,0,0,0,9,9,252,100,232,111,0,0,0,0,6,4
116.35322,39.96871,1.01,-0.8,0,0,148.5,0,0,0,0,9,9,252,100,232,111,0,0,0,0,6,4
116.35322,39.96871,1.01,-0.8,0,0,148.5,0,0,0,0,9,9,252,100,232,111,0,0,0,0,6,4
116.35322,39.96871,1.01,-0.8,0,0,148.5,0,0,0,0,9,9,252,100,232,111,0,0,0,0,6,4
116.35322,39.96871,1.01,-0.8,0,0,148.5,0,0,0,0,9,9,252,100,232,111,0,0,0,0,6,4
116.35322,39.96871,1.01,-0.8,0,0,148.5,0,0,0,0,9,9,252,100,232,111,0,0,0,0,6,4
116.35322,39.96871,1.01,-0.8,0,0,148.5,0,0,0,0,9,9,252,100,232,111,0,0,0,0,6,4
116.35322,39.96871,1.01,-0.8,0,0,148.5,0,0,0,0,9,9,252,100,232,111,0,0,0,0,6,4
116.35322,39.96871,1.01,-0.8,0,0,148.5,0,0,0,0,9,9,252,100,232,111,0,0,0,0,6,4
116.35322,39.96871,1.01,-0.8,0,0,148.5,0,0,0,0,9,9,252,100,232,111,0,0,0,0,6,4
116.35322,39.96871,1.01,-0.8,0,0,148.5,0,0,0,0,9,9,252,100,232,111,0,0,0,0,6,4
116.35322,39.96871,1.01,-0.8,0,0,148.5,0,0,0,0,9,9,252,100,232,111,0,0,0,0,6,4
116.35322,39.96871,1.01,-0.8,0,0,148.5,0,0,0,0,9,9,252,100,232,111,0,0,0,0,6,4
116.35322,39.96871,1.01,-0.8,0,0,148.5,0,0,0,0,9,9,252,100,232,111,0,0,0,0,6,4
116.35322,39.96871,1.01,-0.8,0,0,148.5,0,0,0,0,9,9,252,100,232,111,0,0,0,0,6,4
116.35322,39.96871,1.01,-0.8,0,0,148.5,0,0,0,0,9,9,252,100,232,111,0,0,0,0,6,4
116.35322,39.96871,1.01,-0.8,0,0,148.5,0,0,0,0,9,9,252,100,232,111,0,0,0,0,6,4
116.35321,39.96871,1.01,-0.8,0,0,148.5,0,0,0,0,9,9,252,100,232,111,0,0,0,0,6,4
116.35321,39.96871,1.01,-0.8,0,0,148.5,0,0,0,0,9,9,252,100,232,111,0,0,0,0,6,4
116.35321,39.96871,1.01,-0.8,0,0,148.51,0,0,0,0,9,9,252,100,232,111,0,0,0,0,6,4
116.35321,39.96871,1.01,-0.8,0,0,148.51,0,0,0,0,9,9,252,100,232,111,0,0,0,0,6,4
116.35321,39.96871,1.01,-0.8,0,0,148.51,0,0,0,0,9,9,252,100,232,111,0,0,0,0,6,4
116.35321,39.96871,1.01,-0.8,0,0,148.51,0,0,0,0,9,9,252,100,232,111,0,0,0,0,6,4
116.35321,39.96871,1.01,-0.8,0,0,148.51,0,0,0,0,9,9,252,100,232,111,0,0,0,0,6,4
116.35321,39.96871,1.01,-0.8,0,0,148.51,0,0,0,0,9,9,252,100,232,111,0,0,0,0,6,4
116.35321,39.96871,1.01,-0.8,0,0,148.51,0,0,0,0,9,9,252,100,232,111,0,0,0,0,6,4
116.35321,39.96871,1.01,-0.8,0,0,148.51,0,0,0,0,9,9,252,100,232,111,0,0,0,0,6,4
116.35321,39.96871,1.01,-0.8,0,0,148.51,0,0,0,0,9,9,252,100,232,111,0,0,0,0,6,4
116.35321,39.96871,1.01,-0.8,0,0,148.51,0,0,0,0,9,9,252,100,232,111,0,0,0,0,6,4
116.35321,39.96871,1.01,-0.8,0,0,148.51,0,0,0,0,9,9,252,100,232,111,0,0,0,0,6,4
116.35321,39.96871,1.01,-0.8,0,0,148.51,0,0,0,0,9,9,252,100,232,111,0,0,0,0,6,4
116.35321,39.96871,1.01,-0.8,0,0,148.51,0,0,0,0,9,9,252,100,232,111,0,0,0,0,6,4
116.35321,39.96871,1.01,-0.8,0,0,148.51,0,0,0,0,9,9,252,100,232,111,0,0,0,0,6,4
116.35321,39.96871,1.01,-0.8,0,0,148.51,0,0,0,0,9,9,252,100,232,111,0,0,0,0,6,4
116.35321,39.96871,1.01,-0.8,0,0,148.51,0,0,0,0,9,9,252,100,232,111,0,0,0,0,6,4
116.35321,39.96871,1.01,-0.8,0,0,148.51,0,0,0,0,9,9,252,100,232,111,0,0,0,0,6,4
116.35321,39.96871,1.01,-0.8,0,0,148.51,0,0,0,0,9,9,252,100,232,111,0,0,0,0,6,4
116.35321,39.96871,1.01,-0.8,0,0,148.51,0,0,0,0,9,9,252,100,232,111,0,0,0,0,6,4
116.35321,39.96871,1.01,-0.8,0,0,148.51,0,0,0,0,9,9,252,100,232,111,0,0,0,0,6,4
116.35321,39.96871,1.01,-0.8,0,0,148.51,0,0,0,0,9,9,252,100,232,111,0,0,0,0,6,4
116.35321,39.96871,1.01,-0.8,0,0,148.51,0,0,0,0,9,9,252,100,232,111,0,0,0,0,6,4
116.35321,39.96871,1.01,-0.8,0,0,148.51,0,0,0,0,9,9,252,100,232,111,0,0,0,0,6,4
116.35321,39.96871,1.01,-0.8,0,0,148.51,0,0,0,0,9,9,252,100,232,111,0,0,0,0,6,4
116.35321,39.96871,1.01,-0.8,0,0,148.51,0,0,0,0,9,9,252,100,232,111,0,0,0,0,6,4
116.35321,39.96871,1.01,-0.8,0,0,148.51,0,0,0,0,9,9,252,100,232,111,0,0,0,0,6,4
116.35321,39.96871,1.01,-0.8,0,0,148.51,0,0,0,0,9,9,252,100,232,111,0,0,0,0,6,4
116.35321,39.96871,1.01,-0.8,0,0,148.52,0,0,0,0,9,9,252,100,232,111,0,0,0,0,6,4
116.35321,39.96871,1.01,-0.8,0,0,148.52,0,0,0,0,9,9,252,100,232,111,0,0,0,0,6,4
116.35321,39.96871,1.01,-0.8,0,0,148.52,0,0,0,0,9,9,252,100,232,111,0,0,0,0,6,4
116.35321,39.96871,1.01,-0.8,0,0,148.52,0,0,0,0,9,9,252,100,232,111,0,0,0,0,6,4
116.35321,39.96871,1.01,-0.8,0,0,148.52,0,0,0,0,9,9,252,100,232,111,0,0,0,0,6,4
116.35321,39.96871,1.01,-0.8,0,0,148.52,0,0,0,0,9,9,252,100,232,111,0,0,0,0,6,4
116.35321,39.96871,1.01,-0.8,0,0,148.52,0,0,0,0,9,9,252,100,232,111,0,0,0,0,6,4
116.35321,39.96871,1.01,-0.8,0,0,148.52,0,0,0,0,9,9,252,100,232,111,0,0,0,0,6,4
116.35321,39.96871,1.01,-0.8,0,0,148.52,0,0,0,0,9,9,252,100,232,111,0,0,0,0,6,4
116.35321,39.96871,1.01,-0.8,0,0,148.52,0,0,0,0,9,9,252,100,232,111,0,0,0,0,6,4
116.35321,39.96871,1.01,-0.8,0,0,148.52,0,0,0,0,9,9,252,100,232,111,0,0,0,0,6,4
116.35321,39.96871,1.01,-0.8,0,0,148.52,0,0,0,0,9,9,252,100,232,111,0,0,0,0,6,4
116.35321,39.96871,1.01,-0.8,0,0,148.52,0,0,0,0,9,9,252,100,232,111,0,0,0,0,6,4
116.35321,39.96871,1.01,-0.8,0,0,148.52,0,0,0,0,9,9,252,100,232,111,0,0,0,0,6,4
116.35321,39.96871,1.01,-0.8,0,0,148.52,0,0,0,0,9,9,252,100,232,111,0,0,0,0,6,4
116.35321,39.96871,1.01,-0.8,0,0,148.52,0,0,0,0,9,9,252,100,232,111,0,0,0,0,6,4
116.35321,39.96871,1.01,-0.8,0,0,148.52,0,0,0,0,9,9,252,100,232,111,0,0,0,0,6,4
116.35321,39.96871,1.01,-0.8,0,0,148.52,0,0,0,0,9,9,252,100,232,111,0,0,0,0,6,4
116.35321,39.96871,1.01,-0.8,0,0,148.52,0,0,0,0,9,9,252,100,232,111,0,0,0,0,6,4
116.35321,39.96871,1.01,-0.8,0,0,148.52,0,0,0,0,9,9,252,100,232,111,0,0,0,0,6,4
116.35321,39.96871,1.01,-0.8,0,0,148.52,0,0,0,0,9,9,252,100,232,111,0,0,0,0,6,4
116.35321,39.96871,1.01,-0.8,0,0,148.52,0,0,0,0,9,9,252,100,232,111,0,0,0,0,6,4
116.35321,39.96871,1.01,-0.8,0,0,148.52,0,0,0,0,9,9,252,100,232,111,0,0,0,0,6,4
116.35321,39.96871,1.01,-0.8,0,0,148.52,0,0,0,0,9,9,252,100,232,111,0,0,0,0,6,4
116.35321,39.96871,1.01,-0.8,0,0,148.52,0,0,0,0,9,9,252,100,232,111,0,0,0,0,6,4
116.35321,39.96871,1.01,-0.8,0,0,148.52,0,0,0,0,9,9,252,100,232,111,0,0,0,0,6,4
116.35321,39.96871,1.01,-0.8,0,0,148.52,0,0,0,0,9,9,252,100,232,111,0,0,0,0,6,4
116.35321,39.96871,1.01,-0.8,0,0,148.52,0,0,0,0,9,9,252,100,232,111,0,0,0,0,6,4
116.35321,39.96871,1.01,-0.8,0,0,148.53,0,0,0,0,9,9,252,100,232,111,0,0,0,0,6,4
116.35321,39.96871,1.01,-0.8,0,0,148.53,0,0,0,0,9,9,252,100,232,111,0,0,0,0,6,4
116.35321,39.96871,1.01,-0.8,0,0,148.53,0,0,0,0,9,9,252,100,232,111,0,0,0,0,6,4
116.35321,39.96871,1.01,-0.8,0,0,148.53,0,0,0,0,9,9,252,100,232,111,0,0,0,0,6,4
116.35321,39.96871,1.01,-0.8,0,0,148.53,0,0,0,0,9,9,252,100,232,111,0,0,0,0,6,4
116.35321,39.96871,1.01,-0.8,0,0,148.53,0,0,0,0,9,9,252,100,232,111,0,0,0,0,6,4
116.35321,39.96871,1.01,-0.8,0,0,148.53,0,0,0,0,9,9,252,100,232,111,0,0,0,0,6,4
116.35321,39.96871,1.01,-0.8,0,0,148.53,0,0,0,0,9,9,252,100,232,111,0,0,0,0,6,4
116.35321,39.96871,1.01,-0.8,0,0,148.53,0,0,0,0,9,9,252,100,232,111,0,0,0,0,6,4
116.35321,39.96871,1.01,-0.8,0,0,148.53,0,0,0,0,9,9,252,100,232,111,0,0,0,0,6,4
116.35321,39.96871,1.01,-0.8,0,0,148.53,0,0,0,0,9,9,252,100,232,111,0,0,0,0,6,4
116.35321,39.96871,1.01,-0.8,0,0,148.53,0,0,0,0,9,9,252,100,232,111,0,0,0,0,6,4
116.35321,39.96871,1.01,-0.8,0,0,148.53,0,0,0,0,9,9,252,100,232,111,0,0,0,0,6,4
116.35321,39.96871,1.01,-0.8,0,0,148.53,0,0,0,0,9,9,252,100,232,111,0,0,0,0,6,4
116.35321,39.96871,1.01,-0.8,0,0,148.53,0,0,0,0,9,9,252,100,232,111,0,0,0,0,6,4
116.35321,39.96871,1.01,-0.8,0,0,148.53,0,0,0,0,9,9,252,100,232,111,0,0,0,0,6,4
116.35321,39.96871,1.01,-0.8,0,0,148.53,0,0,0,0,9,9,252,100,232,111,0,0,0,0,6,4
116.35321,39.96871,1.01,-0.8,0,0,148.53,0,0,0,0,9,9,252,100,232,111,0,0,0,0,6,4
116.35321,39.96871,1.01,-0.8,0,0,148.53,0,0,0,0,9,9,252,100,232,111,0,0,0,0,6,4
116.35321,39.96871,1.01,-0.8,0,0,148.53,0,0,0,0,9,9,252,100,232,111,0,0,0,0,6,4
116.35321,39.96871,1.01,-0.8,0,0,148.53,0,0,0,0,9,9,252,100,232,111,0,0,0,0,6,4
116.35321,39.96871,1.01,-0.8,0,0,148.53,0,0,0,0,9,9,252,100,232,111,0,0,0,0,6,4
116.35321,39.96871,1.01,-0.8,0,0,148.53,0,0,0,0,9,9,252,100,232,111,0,0,0,0,6,4
116.35321,39.96871,1.01,-0.8,0,0,148.53,0,0,0,0,9,9,252,100,232,111,0,0,0,0,6,4
116.35321,39.96871,1.01,-0.8,0,0,148.53,0,0,0,0,9,9,252,100,232,111,0,0,0,0,6,4
116.35321,39.96871,1.01,-0.8,0,0,148.53,0,0,0,0,9,9,252,100,232,111,0,0,0,0,6,4
116.35321,39.96871,1.01,-0.8,0,0,148.53,0,0,0,0,9,9,252,100,232,111,0,0,0,0,6,4
116.35321,39.96871,1.01,-0.8,0,0,148.53,0,0,0,0,9,9,252,100,232,111,0,0,0,0,6,4
116.35321,39.96871,1.01,-0.8,0,0,148.54,0,0,0,0,9,9,252,100,232,111,0,0,0,0,6,4
116.35321,39.96871,1.01,-0.8,0,0,148.54,0,0,0,0,9,9,252,100,232,111,0,0,0,0,6,4
116.35321,39.96871,1.01,-0.8,0,0,148.54,0,0,0,0,9,9,252,100,232,111,0,0,0,0,6,4
116.35321,39.96871,1.01,-0.8,0,0,148.54,0,0,0,0,9,9,252,100,232,111,0,0,0,0,6,4
116.35321,39.96871,1.01,-0.8,0,0,148.54,0,0,0,0,9,9,252,100,232,111,0,0,0,0,6,4
116.35321,39.96871,1.01,-0.8,0,0,148.54,0,0,0,0,9,9,252,100,232,111,0,0,0,0,6,4
116.35321,39.96871,1.01,-0.8,0,0,148.54,0,0,0,0,9,9,252,100,232,111,0,0,0,0,6,4
116.35321,39.96871,1.01,-0.8,0,0,148.54,0,0,0,0,9,9,252,100,232,111,0,0,0,0,6,4
116.35321,39.96871,1.01,-0.8,0,0,148.54,0,0,0,0,9,9,252,100,232,111,0,0,0,0,6,4
116.35321,39.96871,1.01,-0.8,0,0,148.54,0,0,0,0,9,9,252,100,232,111,0,0,0,0,6,4
116.35321,39.96871,1.01,-0.8,0,0,148.54,0,0,0,0,9,9,252,100,232,111,0,0,0,0,6,4
116.35321,39.96871,1.01,-0.8,0,0,148.54,0,0,0,0,9,9,252,100,232,111,0,0,0,0,6,4
116.35321,39.96871,1.01,-0.8,0,0,148.54,0,0,0,0,9,9,252,100,232,111,0,0,0,0,6,4
116.35321,39.96871,1.01,-0.8,0,0,148.54,0,0,0,0,9,9,252,100,232,111,0,0,0,0,6,4
116.35321,39.96871,1.01,-0.8,0,0,148.54,0,0,0,0,9,9,252,100,232,111,0,0,0,0,6,4
116.35321,39.96871,1.01,-0.8,0,0,148.54,0,0,0,0,9,9,252,100,232,111,0,0,0,0,6,4
116.35321,39.96871,1.01,-0.8,0,0,148.54,0,0,0,0,9,9,252,100,232,111,0,0,0,0,6,4
116.35321,39.96871,1.01,-0.8,0,0,148.54,0,0,0,0,9,9,252,100,232,111,0,0,0,0,6,4
116.35321,39.96871,1.01,-0.8,0,0,148.54,0,0,0,0,9,9,252,100,232,111,0,0,0,0,6,4
116.35321,39.96871,1.01,-0.8,0,0,148.54,0,0,0,0,9,9,252,100,232,111,0,0,0,0,6,4
116.35321,39.96871,1.01,-0.8,0,0,148.54,0,0,0,0,9,9,252,100,232,111,0,0,0,0,6,4
116.35321,39.96871,1.01,-0.8,0,0,148.54,0,0,0,0,9,9,252,100,232,111,0,0,0,0,6,4
116.35321,39.96871,1.01,-0.8,0,0,148.54,0,0,0,0,9,9,252,100,232,111,0,0,0,0,6,4
116.35321,39.96871,1.01,-0.8,0,0,148.54,0,0,0,0,9,9,252,100,232,111,0,0,0,0,6,4
116.35321,39.96871,1.01,-0.8,0,0,148.54,0,0,0,0,9,9,252,100,232,111,0,0,0,0,6,4
116.35321,39.96871,1.01,-0.8,0,0,148.54,0,0,0,0,9,9,252,100,232,111,0,0,0,0,6,4
116.35321,39.96871,1.01,-0.8,0,0,148.54,0,0,0,0,9,9,252,100,232,111,0,0,0,0,6,4
116.35321,39.96871,1.01,-0.8,0,0,148.55,0,0,0,0,9,9,252,100,232,111,0,0,0,0,6,4
116.35321,39.96871,1.01,-0.8,0,0,148.55,0,0,0,0,9,9,252,100,232,111,0,0,0,0,6,4
116.35321,39.96871,1.01,-0.8,0,0,148.55,0,0,0,0,9,9,252,100,232,111,0,0,0,0,6,4
116.35321,39.96871,1.01,-0.8,0,0,148.55,0,0,0,0,9,9,252,100,232,111,0,0,0,0,6,4
116.35321,39.96871,1.01,-0.8,0,0,148.55,0,0,0,0,9,9,252,100,232,111,0,0,0,0,6,4
116.35321,39.96871,1.01,-0.8,0,0,148.55,0,0,0,0,9,9,252,100,232,111,0,0,0,0,6,4
116.35321,39.96871,1.01,-0.8,0,0,148.55,0,0,0,0,9,9,252,100,232,111,0,0,0,0,6,4
116.35321,39.96871,1.01,-0.8,0,0,148.55,0,0,0,0,9,9,252,100,232,111,0,0,0,0,6,4
116.35321,39.96871,1.01,-0.8,0,0,148.55,0,0,0,0,9,9,252,100,232,111,0,0,0,0,6,4
116.35321,39.96871,1.01,-0.8,0,0,148.55,0,0,0,0,9,9,252,100,232,111,0,0,0,0,6,4
116.35321,39.96871,1.01,-0.8,0,0,148.55,0,0,0,0,9,9,252,100,232,111,0,0,0,0,6,4
116.35321,39.96871,1.01,-0.8,0,0,148.55,0,0,0,0,9,9,252,100,232,111,0,0,0,0,6,4
116.35321,39.96871,1.01,-0.8,0,0,148.55,0,0,0,0,9,9,252,100,232,111,0,0,0,0,6,4
116.35321,39.96871,1.01,-0.8,0,0,148.55,0,0,0,0,9,9,252,100,232,111,0,0,0,0,6,4
116.35321,39.96871,1.01,-0.8,0,0,148.55,0,0,0,0,9,9,252,100,232,111,0,0,0,0,6,4
116.35321,39.96871,1.01,-0.8,0,0,148.55,0,0,0,0,9,9,252,100,232,111,0,0,0,0,6,4
116.35321,39.96871,1.01,-0.8,0,0,148.55,0,0,0,0,9,9,252,100,232,111,0,0,0,0,6,4
116.35321,39.96871,1.01,-0.8,0,0,148.55,0,0,0,0,9,9,252,100,232,111,0,0,0,0,6,4
116.35321,39.96871,1.01,-0.8,0,0,148.55,0,0,0,0,9,9,252,100,232,111,0,0,0,0,6,4
116.35321,39.96871,1.01,-0.8,0,0,148.55,0,0,0,0,9,9,252,100,232,111,0,0,0,0,6,4
116.35321,39.96871,1.01,-0.8,0,0,148.55,0,0,0,0,9,9,252,100,232,111,0,0,0,0,6,4
116.35321,39.96871,1.01,-0.8,0,0,148.55,0,0,0,0,9,9,252,100,232,111,0,0,0,0,6,4
116.35321,39.96871,1.01,-0.8,0,0,148.55,0,0,0,0,9,9,252,100,232,111,0,0,0,0,6,4
116.35321,39.96871,1.01,-0.8,0,0,148.55,0,0,0,0,9,9,252,100,232,111,0,0,0,0,6,4
116.35321,39.96871,1.01,-0.8,0,0,148.55,0,0,0,0,9,9,252,100,232,111,0,0,0,0,6,4
116.35321,39.96871,1.01,-0.8,0,0,148.55,0,0,0,0,9,9,252,100,232,111,0,0,0,0,6,4
116.35321,39.96871,1.01,-0.8,0,0,148.55,0,0,0,0,9,9,252,100,232,111,0,0,0,0,6,4
116.35321,39.96871,1.01,-0.8,0,0,148.55,0,0,0,0,9,9,252,100,232,111,0,0,0,0,6,4
116.35321,39.96871,1.01,-0.8,0,0,148.56,0,0,0,0,9,9,252,100,232,111,0,0,0,0,6,4
116.35321,39.96871,1.01,-0.8,0,0,148.56,0,0,0,0,9,9,252,100,232,111,0,0,0,0,6,4
116.35321,39.96871,1.01,-0.8,0,0,148.56,0,0,0,0,9,9,252,100,232,111,0,0,0,0,6,4
116.35321,39.96871,1.01,-0.8,0,0,148.56,0,0,0,0,9,9,252,100,232,111,0,0,0,0,6,4
116.35321,39.96871,1.01,-0.8,0,0,148.56,0,0,0,0,9,9,252,100,232,111,0,0,0,0,6,4
116.35321,39.96871,1.01,-0.8,0,0,148.56,0,0,0,0,9,9,252,100,232,111,0,0,0,0,6,4
116.35321,39.96871,1.01,-0.8,0,0,148.56,0,0,0,0,9,9,252,100,232,111,0,0,0,0,6,4
116.35321,39.96871,1.01,-0.8,0,0,148.56,0,0,0,0,9,9,252,100,232,111,0,0,0,0,6,4
116.35321,39.96871,1.01,-0.8,0,0,148.56,0,0,0,0,9,9,252,100,232,111,0,0,0,0,6,4
116.35321,39.96871,1.01,-0.8,0,0,148.56,0,0,0,0,9,9,252,100,232,111,0,0,0,0,6,4
116.35321,39.96871,1.01,-0.8,0,0,148.56,0,0,0,0,9,9,252,100,232,111,0,0,0,0,6,4
116.35321,39.96871,1.01,-0.8,0,0,148.56,0,0,0,0,9,9,252,100,232,111,0,0,0,0,6,4
116.35321,39.96871,1.01,-0.8,0,0,148.56,0,0,0,0,9,9,252,100,232,111,0,0,0,0,6,4
116.35321,39.96871,1.01,-0.8,0,0,148.56,0,0,0,0,9,9,252,100,232,111,0,0,0,0,6,4
116.35321,39.96871,1.01,-0.8,0,0,148.56,0,0,0,0,9,9,252,100,232,111,0,0,0,0,6,4
116.35321,39.96871,1.01,-0.8,0,0,148.56,0,0,0,0,9,9,252,100,232,111,0,0,0,0,6,4
116.35321,39.96871,1.01,-0.8,0,0,148.56,0,0,0,0,9,9,252,100,232,111,0,0,0,0,6,4
116.35321,39.96871,1.01,-0.8,0,0,148.56,0,0,0,0,9,9,252,100,232,111,0,0,0,0,6,4
116.35321,39.96871,1.01,-0.8,0,0,148.56,0,0,0,0,9,9,252,100,232,111,0,0,0,0,6,4
116.35321,39.96871,1.01,-0.8,0,0,148.56,0,0,0,0,9,9,252,100,232,111,0,0,0,0,6,4
116.35321,39.96871,1.01,-0.8,0,0,148.56,0,0,0,0,9,9,252,100,232,111,0,0,0,0,6,4
116.35321,39.96871,1.01,-0.8,0,0,148.56,0,0,0,0,9,9,252,100,232,111,0,0,0,0,6,4
116.35321,39.96871,1.01,-0.8,0,0,148.56,0,0,0,0,9,9,252,100,232,111,0,0,0,0,6,4
116.35321,39.96871,1.01,-0.8,0,0,148.56,0,0,0,0,9,9,252,100,232,111,0,0,0,0,6,4
116.35321,39.96871,1.01,-0.8,0,0,148.56,0,0,0,0,9,9,252,100,232,111,0,0,0,0,6,4
116.35321,39.96871,1.01,-0.8,0,0,148.56,0,0,0,0,9,9,252,100,232,111,0,0,0,0,6,4
116.35321,39.96871,1.01,-0.8,0,0,148.56,0,0,0,0,9,9,252,100,232,111,0,0,0,0,6,4
116.35321,39.96871,1.01,-0.8,0,0,148.57,0,0,0,0,9,9,252,100,232,111,0,0,0,0,6,4
116.35321,39.96871,1.01,-0.8,0,0,148.57,0,0,0,0,9,9,252,100,232,111,0,0,0,0,6,4
116.35321,39.96871,1.01,-0.8,0,0,148.57,0,0,0,0,9,9,252,100,232,111,0,0,0,0,6,4
116.35321,39.96871,1.01,-0.8,0,0,148.57,0,0,0,0,9,9,252,100,232,111,0,0,0,0,6,4
116.35321,39.96871,1.01,-0.8,0,0,148.57,0,0,0,0,9,9,252,100,232,111,0,0,0,0,6,4
116.35321,39.96871,1.01,-0.8,0,0,148.57,0,0,0,0,9,9,252,100,232,111,0,0,0,0,6,4
116.35321,39.96871,1.01,-0.8,0,0,148.57,0,0,0,0,9,9,252,100,232,111,0,0,0,0,6,4
116.35321,39.96871,1.01,-0.8,0,0,148.57,0,0,0,0,9,9,252,100,232,111,0,0,0,0,6,4
116.35321,39.96871,1.01,-0.8,0,0,148.57,0,0,0,0,9,9,252,100,232,111,0,0,0,0,6,4
116.35321,39.96871,1.01,-0.8,0,0,148.57,0,0,0,0,9,9,252,100,232,111,0,0,0,0,6,4
116.35321,39.96871,1.01,-0.8,0,0,148.57,0,0,0,0,9,9,252,100,232,111,0,0,0,0,6,4
116.35321,39.96871,1.01,-0.8,0,0,148.57,0,0,0,0,9,9,252,100,232,111,0,0,0,0,6,4
116.35321,39.96871,1.01,-0.8,0,0,148.57,0,0,0,0,9,9,252,100,232,111,0,0,0,0,6,4
116.35321,39.96871,1.01,-0.8,0,0,148.57,0,0,0,0,9,9,252,100,232,111,0,0,0,0,6,4
116.35321,39.96871,1.01,-0.8,0,0,148.57,0,0,0,0,9,9,252,100,232,111,0,0,0,0,6,4
116.35321,39.96871,1.01,-0.8,0,0,148.57,0,0,0,0,9,9,252,100,232,111,0,0,0,0,6,4
116.35321,39.96871,1.01,-0.8,0,0,148.57,0,0,0,0,9,9,252,100,232,111,0,0,0,0,6,4
116.35321,39.96871,1.01,-0.8,0,0,148.57,0,0,0,0,9,9,252,100,232,111,0,0,0,0,6,4
116.35321,39.96871,1.01,-0.8,0,0,148.57,0,0,0,0,9,9,252,100,232,111,0,0,0,0,6,4
116.35321,39.96871,1.01,-0.8,0,0,148.57,0,0,0,0,9,9,252,100,232,111,0,0,0,0,6,4
116.35321,39.96871,1.01,-0.8,0,0,148.57,0,0,0,0,9,9,252,100,232,111,0,0,0,0,6,4
116.35321,39.96871,1.01,-0.8,0,0,148.57,0,0,0,0,9,9,252,100,232,111,0,0,0,0,6,4
116.35321,39.96871,1.01,-0.8,0,0,148.57,0,0,0,0,9,9,252,100,232,111,0,0,0,0,6,4
116.35321,39.96871,1.01,-0.8,0,0,148.57,0,0,0,0,9,9,252,100,232,111,0,0,0,0,6,4
116.35321,39.96871,1.01,-0.8,0,0,148.57,0,0,0,0,9,9,252,100,232,111,0,0,0,0,6,4
116.35321,39.96871,1.01,-0.8,0,0,148.57,0,0,0,0,9,9,252,100,232,111,0,0,0,0,6,4
116.35321,39.96871,1.01,-0.8,0,0,148.57,0,0,0,0,9,9,252,100,232,111,0,0,0,0,6,4
116.35321,39.96871,1.01,-0.8,0,0,148.57,0,0,0,0,9,9,252,100,232,111,0,0,0,0,6,4
116.35321,39.96871,1.01,-0.8,0,0,148.57,0,0,0,0,9,9,252,100,232,111,0,0,0,0,6,4
116.35321,39.96871,1.01,-0.8,0,0,148.58,0,0,0,0,9,9,252,100,232,111,0,0,0,0,6,4
116.35321,39.96871,1.01,-0.8,0,0,148.58,0,0,0,0,9,9,252,100,232,111,0,0,0,0,6,4
116.35321,39.96871,1.01,-0.8,0,0,148.58,0,0,0,0,9,9,252,100,232,111,0,0,0,0,6,4
116.35321,39.96871,1.01,-0.8,0,0,148.58,0,0,0,0,9,9,252,100,232,111,0,0,0,0,6,4
116.35321,39.96871,1.01,-0.8,0,0,148.58,0,0,0,0,9,9,252,100,232,111,0,0,0,0,6,4
116.35321,39.96871,1.01,-0.8,0,0,148.58,0,0,0,0,9,9,252,100,232,111,0,0,0,0,6,4
116.35321,39.96871,1.01,-0.8,0,0,148.58,0,0,0,0,9,9,252,100,232,111,0,0,0,0,6,4
116.35321,39.96871,1.01,-0.8,0,0,148.58,0,0,0,0,9,9,252,100,232,111,0,0,0,0,6,4
116.35321,39.96871,1.01,-0.8,0,0,148.58,0,0,0,0,9,9,252,100,232,111,0,0,0,0,6,4
116.35321,39.96871,1.01,-0.8,0,0,148.58,0,0,0,0,9,9,252,100,232,111,0,0,0,0,6,4
116.35321,39.96871,1.01,-0.8,0,0,148.58,0,0,0,0,9,9,252,100,232,111,0,0,0,0,6,4
116.35321,39.96871,1.01,-0.8,0,0,148.58,0,0,0,0,9,9,252,100,232,111,0,0,0,0,6,4
116.35321,39.96871,1.01,-0.8,0,0,148.58,0,0,0,0,9,9,252,100,232,111,0,0,0,0,6,4
116.35321,39.96871,1.01,-0.8,0,0,148.58,0,0,0,0,9,9,252,100,232,111,0,0,0,0,6,4
116.35321,39.96871,1.01,-0.8,0,0,148.58,0,0,0,0,9,9,252,100,232,111,0,0,0,0,6,4
116.35321,39.96871,1.01,-0.8,0,0,148.58,0,0,0,0,9,9,252,100,232,111,0,0,0,0,6,4
116.35321,39.96871,1.01,-0.8,0,0,148.58,0,0,0,0,9,9,252,100,232,111,0,0,0,0,6,4
116.35321,39.96871,1.01,-0.8,0,0,148.58,0,0,0,0,9,9,252,100,232,111,0,0,0,0,6,4
116.35321,39.96871,1.01,-0.8,0,0,148.58,0,0,0,0,9,9,252,100,232,111,0,0,0,0,6,4
116.35321,39.96871,1.01,-0.8,0,0,148.58,0,0,0,0,9,9,252,100,232,111,0,0,0,0,6,4
116.35321,39.96871,1.01,-0.8,0,0,148.58,0,0,0,0,9,9,252,100,232,111,0,0,0,0,6,4
116.35321,39.96871,1.01,-0.8,0,0,148.58,0,0,0,0,9,9,252,100,232,111,0,0,0,0,6,4
116.35321,39.96871,1.01,-0.8,0,0,148.58,0,0,0,0,9,9,252,100,232,111,0,0,0,0,6,4
116.35321,39.96871,1.01,-0.8,0,0,148.58,0,0,0,0,9,9,252,100,232,111,0,0,0,0,6,4
116.35321,39.96871,1.01,-0.8,0,0,148.58,0,0,0,0,9,9,252,100,232,111,0,0,0,0,6,4
116.35321,39.96871,1.01,-0.8,0,0,148.58,0,0,0,0,9,9,252,100,232,111,0,0,0,0,6,4
116.35321,39.96871,1.01,-0.8,0,0,148.59,0,0,0,0,9,9,252,100,232,111,0,0,0,0,6,4
116.35321,39.96871,1.01,-0.8,0,0,148.59,0,0,0,0,9,9,252,100,232,111,0,0,0,0,6,4
116.35321,39.96871,1.01,-0.8,0,0,148.59,0,0,0,0,9,9,252,100,232,111,0,0,0,0,6,4
116.35321,39.96871,1.01,-0.8,0,0,148.59,0,0,0,0,9,9,252,100,232,111,0,0,0,0,6,4
116.35321,39.96871,1.01,-0.8,0,0,148.59,0,0,0,0,9,9,252,100,232,111,0,0,0,0,6,4
116.35321,39.96871,1.01,-0.8,0,0,148.59,0,0,0,0,9,9,252,100,232,111,0,0,0,0,6,4
116.35321,39.96871,1.01,-0.8,0,0,148.59,0,0,0,0,9,9,252,100,232,111,0,0,0,0,6,4
116.35321,39.96871,1.01,-0.8,0,0,148.59,0,0,0,0,9,9,252,100,232,111,0,0,0,0,6,4
116.35321,39.96871,1.01,-0.8,0,0,148.59,0,0,0,0,9,9,252,100,232,111,0,0,0,0,6,4
116.35321,39.96871,1.01,-0.8,0,0,148.59,0,0,0,0,9,9,252,100,232,111,0,0,0,0,6,4
116.35321,39.96871,1.01,-0.8,0,0,148.59,0,0,0,0,9,9,252,100,232,111,0,0,0,0,6,4
116.35321,39.96871,1.01,-0.8,0,0,148.59,0,0,0,0,9,9,252,100,232,111,0,0,0,0,6,4
116.35321,39.96871,1.01,-0.8,0,0,148.59,0,0,0,0,9,9,252,100,232,111,0,0,0,0,6,4
