116.43349,39.92369,1.01,-0.8,0,0,-312.13,0,0,0,0,185,185,89,200,232,111,0,0,0,0,3,4
116.4333,39.92416,1.01,-0.8,0,0,-320.83,0,0,0,0,185,185,89,200,232,111,0,0,0,0,3,4
116.43272,39.925,1.01,-0.8,0,0,317.14,0,0,0,0,185,185,89,200,232,111,0,0,0,0,3,4
116.43235,39.92534,1.01,-0.8,0,0,308.44,0,0,0,0,185,185,89,200,232,111,0,0,0,0,3,4
116.43146,39.92584,1.01,-0.8,0,0,291.05,0,0,0,0,185,185,89,200,232,111,0,0,0,0,3,4
116.43146,39.92584,1.01,-0.8,0,0,291.05,0,0,0,0,185,185,89,200,232,111,0,0,0,0,3,4
116.43046,39.92605,1.01,-0.8,0,0,273.66,0,0,0,0,185,185,89,200,232,111,0,0,0,0,3,4
116.42995,39.92604,1.01,-0.8,0,0,264.96,0,0,0,0,185,185,89,200,232,111,0,0,0,0,3,4
116.42896,39.92579,1.01,-0.8,0,0,247.57,0,0,0,0,185,185,89,200,232,111,0,0,0,0,3,4
116.42851,39.92556,1.01,-0.8,0,0,238.88,0,0,0,0,185,185,89,200,232,111,0,0,0,0,3,4
116.42773,39.9249,1.01,-0.8,0,0,221.48,0,0,0,0,185,185,89,200,232,111,0,0,0,0,3,4
116.42743,39.92449,1.01,-0.8,0,0,212.79,0,0,0,0,185,185,89,200,232,111,0,0,0,0,3,4
116.42702,39.92356,1.01,-0.8,0,0,195.39,0,0,0,0,185,185,89,200,232,111,0,0,0,0,3,4
116.42702,39.92356,1.01,-0.8,0,0,195.39,0,0,0,0,185,185,89,200,232,111,0,0,0,0,3,4
116.42691,39.92255,1.01,-0.8,0,0,178,0,0,0,0,185,185,89,200,232,111,0,0,0,0,3,4
116.42697,39.92204,1.01,-0.8,0,0,169.31,0,0,0,0,185,185,89,200,232,111,0,0,0,0,3,4
116.42731,39.92108,1.01,-0.8,0,0,151.92,0,0,0,0,185,185,89,200,232,111,0,0,0,0,3,4
116.42759,39.92065,1.01,-0.8,0,0,143.22,0,0,0,0,185,185,89,200,232,111,0,0,0,0,3,4
116.42832,39.91994,1.01,-0.8,0,0,125.83,0,0,0,0,185,185,89,200,232,111,0,0,0,0,3,4
116.42841,39.91989,1.01,-0.8,0,0,124.09,0,0,0,0,185,185,89,200,232,111,0,0,0,0,3,4
116.42841,39.91989,1.01,-0.8,0,0,124.09,0,0,0,0,185,185,89,200,232,111,0,0,0,0,3,4
116.42845,39.91986,1.01,-0.8,0,0,123.22,0,0,0,0,185,185,89,200,232,111,0,0,0,0,3,4
116.42938,39.91944,1.01,-0.8,0,0,105.83,0,0,0,0,185,185,89,200,232,111,0,0,0,0,3,4
116.42988,39.91934,1.01,-0.8,0,0,97.13,0,0,0,0,185,185,89,200,232,111,0,0,0,0,3,4
116.4309,39.91938,1.01,-0.8,0,0,79.74,0,0,0,0,185,185,89,200,232,111,0,0,0,0,3,4
116.43139,39.91951,1.01,-0.8,0,0,71.04,0,0,0,0,185,185,89,200,232,111,0,0,0,0,3,4
116.43139,39.91951,1.01,-0.8,0,0,71.04,0,0,0,0,185,185,89,200,232,111,0,0,0,0,3,4
116.43229,39.91999,1.01,-0.8,0,0,53.65,0,0,0,0,185,185,89,200,232,111,0,0,0,2,3,4
116.433,39.92072,1.01,-0.8,0,0,36.26,0,0,0,0,185,185,89,200,232,111,0,0,0,2,3,4
116.43327,39.92115,1.01,-0.8,0,0,27.56,0,0,0,0,185,185,89,200,232,111,0,0,0,2,3,4
116.43347,39.92162,1.01,-0.8,0,0,10.17,0,0,0,0,185,185,89,120,232,116,0,0,0,2,5,4
116.43364,39.92258,1.01,-0.8,0,0,2.37,0,0,0,0,185,185,89,120,232,115,0,0,0,2,5,4
116.43364,39.9228,1.01,-0.8,0,0,-296.13,0,0,0,0,185,185,89,120,232,115,0,0,0,2,5,4
116.43364,39.92291,1.01,-0.8,0,0,-297.76,0,0,0,0,185,185,89,120,232,114,0,0,0,2,5,4
116.43363,39.92301,1.01,-0.8,0,0,-299.47,0,0,0,0,185,185,89,120,232,113,0,0,0,2,5,4
116.43363,39.92311,1.01,-0.8,0,0,-301.17,0,0,0,0,185,185,89,120,232,113,0,0,0,2,5,4
116.4336,39.92331,1.01,-0.8,0,0,-304.08,0,0,0,0,185,185,89,120,232,112,0,0,0,2,5,4
116.43358,39.92341,1.01,-0.8,0,0,-305.71,0,0,0,0,185,185,89,120,232,111,0,0,0,2,5,4
116.43354,39.9236,1.01,-0.8,0,0,-309.13,0,0,0,0,185,185,89,120,232,111,0,0,0,2,5,4
116.43351,39.9237,1.01,-0.8,0,0,-310.64,0,0,0,0,185,185,89,120,232,111,0,0,0,2,5,4
116.43346,39.92389,1.01,-0.8,0,0,-313.67,0,0,0,0,185,185,89,120,232,111,0,0,0,2,5,4
116.43342,39.92399,1.01,-0.8,0,0,-315.39,0,0,0,0,185,185,89,120,232,111,0,0,0,2,5,4
116.43335,39.92418,1.01,-0.8,0,0,-318.82,0,0,0,0,185,185,89,120,232,111,0,0,0,2,5,4
116.43335,39.92418,1.01,-0.8,0,0,-318.82,0,0,0,0,185,185,89,120,232,111,0,0,0,2,5,4
116.43326,39.92436,1.01,-0.8,0,0,-322.25,0,0,0,0,185,185,89,120,232,111,0,0,0,2,5,4
116.43321,39.92445,1.01,-0.8,0,0,-323.97,0,0,0,0,185,185,89,120,232,111,0,0,0,2,5,4
116.43311,39.92462,1.01,-0.8,0,0,-327.4,0,0,0,0,185,185,89,120,232,111,0,0,0,2,5,4
116.43306,39.92471,1.01,-0.8,0,0,326.24,0,0,0,0,185,185,89,120,232,111,0,0,0,2,5,4
116.43294,39.92487,1.01,-0.8,0,0,322.81,0,0,0,0,185,185,89,120,232,111,0,0,0,2,5,4
116.43288,39.92495,1.01,-0.8,0,0,321.09,0,0,0,0,185,185,89,120,232,111,0,0,0,2,5,4
116.43275,39.9251,1.01,-0.8,0,0,317.65,0,0,0,0,185,185,89,120,232,111,0,0,0,2,5,4
116.43275,39.9251,1.01,-0.8,0,0,317.65,0,0,0,0,185,185,89,120,232,111,0,0,0,2,5,4
116.43261,39.92525,1.01,-0.8,0,0,314.22,0,0,0,0,185,185,89,120,232,111,0,0,0,2,5,4
116.43253,39.92532,1.01,-0.8,0,0,312.5,0,0,0,0,185,185,89,120,232,111,0,0,0,2,5,4
116.43238,39.92545,1.01,-0.8,0,0,309.06,0,0,0,0,185,185,89,120,232,111,0,0,0,2,5,4
116.4323,39.92551,1.01,-0.8,0,0,307.35,0,0,0,0,185,185,89,120,232,111,0,0,0,2,5,4
116.43213,39.92563,1.01,-0.8,0,0,303.91,0,0,0,0,185,185,89,120,232,111,0,0,0,2,5,4
116.43205,39.92568,1.01,-0.8,0,0,302.2,0,0,0,0,185,185,89,120,232,111,0,0,0,2,5,4
116.43196,39.92574,1.01,-0.8,0,0,300.48,0,0,0,0,185,185,89,120,232,111,0,0,0,2,5,4
116.43188,39.92579,1.01,-0.8,0,0,298.76,0,0,0,0,185,185,89,120,232,111,0,0,0,2,5,4
116.4317,39.92588,1.01,-0.8,0,0,295.33,0,0,0,0,185,185,89,120,232,111,0,0,0,2,5,4
116.4316,39.92592,1.01,-0.8,0,0,293.61,0,0,0,0,185,185,89,120,232,111,0,0,0,2,5,4
116.43142,39.926,1.01,-0.8,0,0,290.18,0,0,0,0,185,185,89,120,232,111,0,0,0,2,5,4
116.43132,39.92603,1.01,-0.8,0,0,288.47,0,0,0,0,185,185,89,120,232,111,0,0,0,2,5,4
116.43113,39.92609,1.01,-0.8,0,0,285.03,0,0,0,0,185,185,89,120,232,111,0,0,0,2,5,4
116.43103,39.92611,1.01,-0.8,0,0,283.32,0,0,0,0,185,185,89,120,232,111,0,0,0,2,5,4
116.43103,39.92611,1.01,-0.8,0,0,281.6,0,0,0,0,185,185,89,120,232,111,0,0,0,2,5,4
116.43083,39.92615,1.01,-0.8,0,0,279.88,0,0,0,0,185,185,89,120,232,111,0,0,0,2,5,4
116.43063,39.92618,1.01,-0.8,0,0,276.45,0,0,0,0,185,185,89,120,232,111,0,0,0,2,5,4
116.43063,39.92618,1.01,-0.8,0,0,274.74,0,0,0,0,185,185,89,120,232,111,0,0,0,2,5,4
116.43033,39.9262,1.01,-0.8,0,0,271.3,0,0,0,0,185,185,89,120,232,111,0,0,0,2,5,4
116.43023,39.9262,1.01,-0.8,0,0,269.59,0,0,0,0,185,185,89,120,232,111,0,0,0,2,5,4
116.43003,39.92619,1.01,-0.8,0,0,266.16,0,0,0,0,185,185,89,120,232,111,0,0,0,2,5,4
116.43003,39.92619,1.01,-0.8,0,0,266.16,0,0,0,0,185,185,89,120,232,111,0,0,0,2,5,4
116.42983,39.92617,1.01,-0.8,0,0,262.73,0,0,0,0,185,185,89,120,232,111,0,0,0,2,5,4
116.42973,39.92616,1.01,-0.8,0,0,261.01,0,0,0,0,185,185,89,120,232,111,0,0,0,2,5,4
116.42953,39.92612,1.01,-0.8,0,0,257.58,0,0,0,0,185,185,89,120,232,111,0,0,0,2,5,4
116.42943,39.9261,1.01,-0.8,0,0,255.86,0,0,0,0,185,185,89,120,232,111,0,0,0,2,5,4
116.42924,39.92604,1.01,-0.8,0,0,252.43,0,0,0,0,185,185,89,120,232,111,0,0,0,2,5,4
116.42914,39.92601,1.01,-0.8,0,0,250.71,0,0,0,0,185,185,89,120,232,111,0,0,0,2,5,4
116.42905,39.92597,1.01,-0.8,0,0,248.99,0,0,0,0,185,185,89,120,232,111,0,0,0,2,5,4
116.42895,39.92594,1.01,-0.8,0,0,247.28,0,0,0,0,185,185,89,120,232,111,0,0,0,2,5,4
116.42877,39.92585,1.01,-0.8,0,0,243.85,0,0,0,0,185,185,89,120,232,111,0,0,0,2,5,4
116.42868,39.92581,1.01,-0.8,0,0,242.13,0,0,0,0,185,185,89,120,232,111,0,0,0,2,5,4
116.42851,39.92571,1.01,-0.8,0,0,238.7,0,0,0,0,185,185,89,120,232,111,0,0,0,2,5,4
116.42842,39.92565,1.01,-0.8,0,0,236.98,0,0,0,0,185,185,89,120,232,111,0,0,0,2,5,4
116.42825,39.92554,1.01,-0.8,0,0,233.55,0,0,0,0,185,185,89,120,232,111,0,0,0,2,5,4
116.42817,39.92548,1.01,-0.8,0,0,231.83,0,0,0,0,185,185,89,120,232,111,0,0,0,2,5,4
116.4281,39.92541,1.01,-0.8,0,0,230.12,0,0,0,0,185,185,89,120,232,111,0,0,0,2,5,4
116.42802,39.92535,1.01,-0.8,0,0,228.4,0,0,0,0,185,185,89,120,232,111,0,0,0,2,5,4
116.42787,39.92521,1.01,-0.8,0,0,224.97,0,0,0,0,185,185,89,120,232,111,0,0,0,2,5,4
116.4278,39.92514,1.01,-0.8,0,0,223.25,0,0,0,0,185,185,89,120,232,111,0,0,0,2,5,4
116.42767,39.92498,1.01,-0.8,0,0,219.82,0,0,0,0,185,185,89,120,232,111,0,0,0,2,5,4
116.42761,39.92491,1.01,-0.8,0,0,218.1,0,0,0,0,185,185,89,120,232,111,0,0,0,2,5,4
116.42749,39.92474,1.01,-0.8,0,0,214.67,0,0,0,0,185,185,89,120,232,111,0,0,0,2,5,4
116.42749,39.92474,1.01,-0.8,0,0,214.67,0,0,0,0,185,185,89,120,232,111,0,0,0,2,5,4
116.42738,39.92457,1.01,-0.8,0,0,211.23,0,0,0,0,185,185,89,120,232,111,0,0,0,2,5,4
116.42733,39.92449,1.01,-0.8,0,0,209.52,0,0,0,0,185,185,89,120,232,111,0,0,0,2,5,4
116.42723,39.92431,1.01,-0.8,0,0,206.09,0,0,0,0,185,185,89,120,232,111,0,0,0,2,5,4
116.42719,39.92422,1.01,-0.8,0,0,204.37,0,0,0,0,185,185,89,120,232,111,0,0,0,2,5,4
116.42711,39.92403,1.01,-0.8,0,0,200.93,0,0,0,0,185,185,89,120,232,111,0,0,0,2,5,4
116.42708,39.92394,1.01,-0.8,0,0,199.21,0,0,0,0,185,185,89,120,232,111,0,0,0,2,5,4
116.42702,39.92374,1.01,-0.8,0,0,195.78,0,0,0,0,185,185,89,120,232,111,0,0,0,2,5,4
116.42702,39.92374,1.01,-0.8,0,0,195.78,0,0,0,0,185,185,89,120,232,111,0,0,0,2,5,4
116.42697,39.92355,1.01,-0.8,0,0,192.35,0,0,0,0,185,185,89,120,232,111,0,0,0,2,5,4
116.42695,39.92345,1.01,-0.8,0,0,190.63,0,0,0,0,185,185,89,120,232,111,0,0,0,2,5,4
116.42692,39.92325,1.01,-0.8,0,0,187.19,0,0,0,0,185,185,89,120,232,111,0,0,0,2,5,4
116.42691,39.92315,1.01,-0.8,0,0,185.48,0,0,0,0,185,185,89,120,232,111,0,0,0,2,5,4
116.42689,39.92295,1.01,-0.8,0,0,182.04,0,0,0,0,185,185,89,120,232,111,0,0,0,2,5,4
116.42689,39.92285,1.01,-0.8,0,0,180.33,0,0,0,0,185,185,89,120,232,111,0,0,0,2,5,4
116.4269,39.92264,1.01,-0.8,0,0,176.89,0,0,0,0,185,185,89,120,232,111,0,0,0,2,5,4
116.4269,39.92254,1.01,-0.8,0,0,175.17,0,0,0,0,185,185,89,120,232,111,0,0,0,2,5,4
116.42693,39.92234,1.01,-0.8,0,0,171.74,0,0,0,0,185,185,89,120,232,111,0,0,0,2,5,4
116.42693,39.92234,1.01,-0.8,0,0,171.74,0,0,0,0,185,185,89,120,232,111,0,0,0,2,5,4
116.42696,39.92214,1.01,-0.8,0,0,168.3,0,0,0,0,185,185,89,120,232,111,0,0,0,2,5,4
116.42698,39.92205,1.01,-0.8,0,0,166.59,0,0,0,0,185,185,89,120,232,111,0,0,0,2,5,4
116.42704,39.92185,1.01,-0.8,0,0,163.16,0,0,0,1,185,185,89,120,232,138,0,0,0,2,5,4
116.42707,39.92175,1.01,-0.8,0,0,161.44,0,0,0,1,185,185,89,120,232,139,0,0,0,2,5,4
116.42714,39.92157,1.01,-0.8,0,0,158.02,0,0,0,1,185,185,89,120,232,141,0,0,0,2,5,4
116.42718,39.92147,1.01,-0.8,0,0,156.49,0,0,0,1,185,185,89,120,232,142,0,0,0,2,5,4
116.42722,39.92138,1.01,-0.8,0,0,155.2,0,0,0,1,185,185,89,120,232,144,0,0,0,2,5,4
116.42722,39.92138,1.01,-0.8,0,0,155.2,0,0,0,1,185,185,89,120,232,145,0,0,0,2,5,4
116.42731,39.9212,1.01,-0.8,0,0,153.36,0,0,0,1,185,185,89,120,232,147,0,0,0,2,5,4
116.42735,39.92111,1.01,-0.8,0,0,152.8,0,0,0,1,185,185,89,120,232,148,0,0,0,2,5,4
116.42745,39.92093,1.01,-0.8,0,0,152.44,0,0,0,1,185,185,89,120,232,149,0,0,0,2,5,4
116.42749,39.92084,1.01,-0.8,0,0,152.55,0,0,0,1,185,185,89,120,232,150,0,0,0,2,5,4
116.42752,39.92078,1.01,-0.8,0,0,152.51,0,0,0,1,185,185,89,120,232,152,0,0,0,2,5,4
116.42752,39.92078,1.01,-0.8,0,0,152.51,0,0,0,1,185,185,89,120,232,152,0,0,0,2,5,4
116.42759,39.92066,1.01,-0.8,0,0,152.58,0,0,0,1,185,185,89,120,232,154,0,0,0,2,5,4
116.42759,39.92066,1.01,-0.8,0,0,152.58,0,0,0,1,185,185,89,120,232,155,0,0,0,2,5,4
116.42768,39.92048,1.01,-0.8,0,0,153.26,0,0,0,1,185,185,89,120,232,156,0,0,0,2,5,4
116.42772,39.92039,1.01,-0.8,0,0,153.39,0,0,0,1,185,185,89,120,232,157,0,0,0,2,5,4
116.42781,39.92021,1.01,-0.8,0,0,154.05,0,0,0,1,185,185,89,120,232,158,0,0,0,2,5,4
116.42786,39.92012,1.01,-0.8,0,0,154.49,0,0,0,1,185,185,89,120,232,159,0,0,0,2,5,4
116.42798,39.91984,1.01,-0.8,0,0,156.04,0,0,0,1,185,185,89,120,232,161,0,0,0,2,5,4
116.42806,39.91966,1.01,-0.8,0,0,157.32,0,0,0,1,185,185,89,120,232,162,0,0,0,2,5,4
116.42806,39.91966,1.01,-0.8,0,0,157.32,0,0,0,1,185,185,89,120,232,163,0,0,0,2,5,4
116.42814,39.91947,1.01,-0.8,0,0,158.62,0,0,0,1,185,185,89,120,232,164,0,0,0,2,5,4
116.42814,39.91947,1.01,-0.8,0,0,158.62,0,0,0,1,185,185,89,120,232,165,0,0,0,2,5,4
116.42824,39.91919,1.01,-0.8,0,0,160.36,0,0,0,1,185,185,89,120,232,166,0,0,0,2,5,4
116.42828,39.91909,1.01,-0.8,0,0,161.23,0,0,0,1,185,185,89,120,232,167,0,0,0,2,5,4
116.42834,39.9189,1.01,-0.8,0,0,162.56,0,0,0,1,185,185,89,120,232,168,0,0,0,2,5,4
116.42837,39.91881,1.01,-0.8,0,0,163.44,0,0,0,1,185,185,89,120,232,168,0,0,0,2,5,4
116.42842,39.91861,1.01,-0.8,0,0,165.36,0,0,0,1,185,185,89,120,232,169,0,0,0,2,5,4
116.42842,39.91861,1.01,-0.8,0,0,165.36,0,0,0,1,185,185,89,120,232,170,0,0,0,2,5,4
116.42847,39.91841,1.01,-0.8,0,0,167.27,0,0,0,1,185,185,89,120,232,171,0,0,0,2,5,4
116.42849,39.91832,1.01,-0.8,0,0,168.23,0,0,0,1,185,185,89,120,232,172,0,0,0,2,5,4
116.42853,39.91812,1.01,-0.8,0,0,170.17,0,0,0,1,185,185,89,120,232,173,0,0,0,2,5,4
116.42855,39.91802,1.01,-0.8,0,0,171.36,0,0,0,1,185,185,89,120,232,173,0,0,0,2,5,4
116.42857,39.91782,1.01,-0.8,0,0,173.73,0,0,0,1,185,185,89,120,232,174,0,0,0,2,5,4
116.42858,39.91772,1.01,-0.8,0,0,174.87,0,0,0,1,185,185,89,120,232,174,0,0,0,2,5,4
116.42859,39.91762,1.01,-0.8,0,0,176.2,0,0,0,1,185,185,89,120,232,175,0,0,0,2,5,4
116.4286,39.91752,1.01,-0.8,0,0,177.37,0,0,0,1,185,185,89,120,232,175,0,0,0,2,5,4
116.4286,39.91731,1.01,-0.8,0,0,179.8,0,0,0,1,185,185,89,120,232,176,0,0,0,2,5,4
116.4286,39.91721,1.01,-0.8,0,0,181.38,0,0,0,1,185,185,89,120,232,176,0,0,0,2,5,4
116.42859,39.91701,1.01,-0.8,0,0,184.35,0,0,0,1,185,185,89,120,232,177,0,0,0,2,5,4
116.42858,39.91691,1.01,-0.8,0,0,185.46,0,0,0,1,185,185,89,120,232,177,0,0,0,2,5,4
116.42856,39.91671,1.01,-0.8,0,0,187.41,0,0,0,1,185,185,89,120,232,178,0,0,0,2,5,4
116.42854,39.91661,1.01,-0.8,0,0,188.69,0,0,0,1,185,185,89,120,232,178,0,0,0,2,5,4
116.42853,39.91651,1.01,-0.8,0,0,190.23,0,0,0,1,185,185,89,120,232,179,0,0,0,2,5,4
116.42851,39.91641,1.01,-0.8,0,0,191.9,0,0,0,1,185,185,89,120,232,179,0,0,0,2,5,4
116.42846,39.91622,1.01,-0.8,0,0,194.58,0,0,0,1,185,185,89,120,232,180,0,0,0,2,5,4
116.42843,39.91612,1.01,-0.8,0,0,195.68,0,0,0,1,185,185,89,120,232,180,0,0,0,2,5,4
116.42837,39.91593,1.01,-0.8,0,0,198.51,0,0,0,1,185,185,89,120,232,180,0,0,0,2,5,4
116.42834,39.91583,1.01,-0.8,0,0,200.01,0,0,0,1,185,185,89,120,232,181,0,0,0,2,5,4
116.42827,39.91564,1.01,-0.8,0,0,202.53,0,0,0,1,185,185,89,120,232,181,0,0,0,2,5,4
116.42823,39.91555,1.01,-0.8,0,0,203.69,0,0,0,1,185,185,89,120,232,181,0,0,0,2,5,4
116.42819,39.91546,1.01,-0.8,0,0,205.11,0,0,0,1,185,185,89,120,232,182,0,0,0,2,5,4
116.42814,39.91537,1.01,-0.8,0,0,206.63,0,0,0,1,185,185,89,120,232,182,0,0,0,2,5,4
116.42805,39.91519,1.01,-0.8,0,0,209.67,0,0,0,1,185,185,89,120,232,182,0,0,0,2,5,4
116.42799,39.9151,1.01,-0.8,0,0,211.19,0,0,0,1,185,185,89,120,232,182,0,0,0,2,5,4
116.42789,39.91493,1.01,-0.8,0,0,214.23,0,0,0,1,185,185,89,120,232,183,0,0,0,2,5,4
116.42783,39.91485,1.01,-0.8,0,0,215.75,0,0,0,1,185,185,89,120,232,183,0,0,0,2,5,4
116.42777,39.91477,1.01,-0.8,0,0,217.27,0,0,0,1,185,185,89,120,232,183,0,0,0,2,5,4
116.42764,39.91461,1.01,-0.8,0,0,220.31,0,0,0,1,185,185,89,120,232,183,0,0,0,2,5,4
116.42757,39.91454,1.01,-0.8,0,0,221.83,0,0,0,1,185,185,89,120,232,183,0,0,0,2,5,4
116.42751,39.91446,1.01,-0.8,0,0,223.35,0,0,0,1,185,185,89,120,232,183,0,0,0,2,5,4
116.42736,39.91432,1.01,-0.8,0,0,226.39,0,0,0,1,185,185,89,120,232,184,0,0,0,2,5,4
116.42729,39.91425,1.01,-0.8,0,0,227.91,0,0,0,1,185,185,89,120,232,184,0,0,0,2,5,4
116.42714,39.91412,1.01,-0.8,0,0,230.95,0,0,0,1,185,185,89,120,232,184,0,0,0,2,5,4
116.42706,39.91406,1.01,-0.8,0,0,232.47,0,0,0,1,185,185,89,120,232,184,0,0,0,2,5,4
116.42689,39.91394,1.01,-0.8,0,0,235.51,0,0,0,1,185,185,89,120,232,184,0,0,0,2,5,4
116.42681,39.91388,1.01,-0.8,0,0,237.03,0,0,0,1,185,185,89,120,232,183,0,0,0,2,5,4
116.42672,39.91383,1.01,-0.8,0,0,238.56,0,0,0,1,185,185,89,120,232,184,0,0,0,2,5,4
116.42664,39.91378,1.01,-0.8,0,0,240.08,0,0,0,1,185,185,89,120,232,184,0,0,0,2,5,4
116.42646,39.91368,1.01,-0.8,0,0,243.12,0,0,0,1,185,185,89,120,232,184,0,0,0,2,5,4
116.42637,39.91364,1.01,-0.8,0,0,244.64,0,0,0,1,185,185,89,120,232,184,0,0,0,2,5,4
116.42618,39.91356,1.01,-0.8,0,0,247.68,0,0,0,1,185,185,89,120,232,183,0,0,0,2,5,4
116.42609,39.91352,1.01,-0.8,0,0,249.2,0,0,0,1,185,185,89,120,232,183,0,0,0,2,5,4
116.4259,39.91345,1.01,-0.8,0,0,252.23,0,0,0,1,185,185,89,120,232,183,0,0,0,2,5,4
116.4258,39.91342,1.01,-0.8,0,0,253.76,0,0,0,1,185,185,89,120,232,183,0,0,0,2,5,4
116.42561,39.91337,1.01,-0.8,0,0,256.79,0,0,0,1,185,185,89,120,232,184,0,0,0,2,5,4
116.42551,39.91335,1.01,-0.8,0,0,258.32,0,0,0,1,185,185,89,120,232,183,0,0,0,2,5,4
116.42541,39.91333,1.01,-0.8,0,0,259.84,0,0,0,1,185,185,89,120,232,183,0,0,0,2,5,4
116.42531,39.91331,1.01,-0.8,0,0,261.36,0,0,0,1,185,185,89,120,232,183,0,0,0,2,5,4
116.42511,39.91329,1.01,-0.8,0,0,264.4,0,0,0,1,185,185,89,120,232,182,0,0,0,2,5,4
116.42501,39.91328,1.01,-0.8,0,0,265.91,0,0,0,1,185,185,89,120,232,182,0,0,0,2,5,4
116.42481,39.91327,1.01,-0.8,0,0,268.84,0,0,0,1,185,185,89,120,232,182,0,0,0,2,5,4
116.42471,39.91327,1.01,-0.8,0,0,270.01,0,0,0,1,185,185,89,120,232,181,0,0,0,2,5,4
116.42451,39.91328,1.01,-0.8,0,0,272.63,0,0,0,1,185,185,89,120,232,182,0,0,0,2,5,4
116.4244,39.91328,1.01,-0.8,0,0,274.23,0,0,0,1,185,185,89,120,232,181,0,0,0,2,5,4
116.4243,39.91329,1.01,-0.8,0,0,275.64,0,0,0,1,185,185,89,120,232,181,0,0,0,2,5,4
116.4242,39.9133,1.01,-0.8,0,0,276.91,0,0,0,1,185,185,89,120,232,181,0,0,0,2,5,4
116.424,39.91333,1.01,-0.8,0,0,279.99,0,0,0,1,185,185,89,120,232,180,0,0,0,2,5,4
116.42391,39.91335,1.01,-0.8,0,0,281.35,0,0,0,1,185,185,89,120,232,180,0,0,0,2,5,4
116.42371,39.9134,1.01,-0.8,0,0,284.18,0,0,0,1,185,185,89,120,232,179,0,0,0,2,5,4
116.42361,39.91342,1.01,-0.8,0,0,285.73,0,0,0,1,185,185,89,120,232,179,0,0,0,2,5,4
116.42351,39.91345,1.01,-0.8,0,0,287.05,0,0,0,1,185,185,89,120,232,179,0,0,0,2,5,4
116.42342,39.91348,1.01,-0.8,0,0,288.13,0,0,0,1,185,185,89,120,232,179,0,0,0,2,5,4
116.42323,39.91355,1.01,-0.8,0,0,290.74,0,0,0,1,185,185,89,120,232,178,0,0,0,2,5,4
116.42313,39.91359,1.01,-0.8,0,0,292.05,0,0,0,1,185,185,89,120,232,178,0,0,0,2,5,4
116.42295,39.91367,1.01,-0.8,0,0,294.38,0,0,0,1,185,185,89,120,232,177,0,0,0,2,5,4
116.42286,39.91371,1.01,-0.8,0,0,295.82,0,0,0,1,185,185,89,120,232,177,0,0,0,2,5,4
116.42268,39.9138,1.01,-0.8,0,0,298.17,0,0,0,1,185,185,89,120,232,177,0,0,0,2,5,4
116.42259,39.91385,1.01,-0.8,0,0,299.46,0,0,0,1,185,185,89,120,232,176,0,0,0,2,5,4
116.4225,39.9139,1.01,-0.8,0,0,300.99,0,0,0,1,185,185,89,120,232,176,0,0,0,2,5,4
116.42242,39.91395,1.01,-0.8,0,0,302.7,0,0,0,1,185,185,89,120,232,175,0,0,0,2,5,4
116.42225,39.91407,1.01,-0.8,0,0,305.67,0,0,0,1,185,185,89,120,232,175,0,0,0,2,5,4
116.42217,39.91413,1.01,-0.8,0,0,306.78,0,0,0,1,185,185,89,120,232,174,0,0,0,2,5,4
116.42201,39.91425,1.01,-0.8,0,0,308.6,0,0,0,1,185,185,89,120,232,174,0,0,0,2,5,4
116.42193,39.91431,1.01,-0.8,0,0,309.79,0,0,0,1,185,185,89,120,232,174,0,0,0,2,5,4
116.42178,39.91445,1.01,-0.8,0,0,311.8,0,0,0,1,185,185,89,120,232,173,0,0,0,2,5,4
116.4217,39.91451,1.01,-0.8,0,0,312.84,0,0,0,1,185,185,89,120,232,173,0,0,0,2,5,4
116.42163,39.91458,1.01,-0.8,0,0,314.13,0,0,0,1,185,185,89,120,232,172,0,0,0,2,5,4
116.42156,39.91465,1.01,-0.8,0,0,315.49,0,0,0,1,185,185,89,120,232,172,0,0,0,2,5,4
116.42142,39.9148,1.01,-0.8,0,0,317.56,0,0,0,1,185,185,89,120,232,171,0,0,0,2,5,4
116.42135,39.91488,1.01,-0.8,0,0,318.52,0,0,0,1,185,185,89,120,232,171,0,0,0,2,5,4
116.42122,39.91503,1.01,-0.8,0,0,320.43,0,0,0,1,185,185,89,120,232,170,0,0,0,2,5,4
116.42116,39.91511,1.01,-0.8,0,0,321.39,0,0,0,1,185,185,89,120,232,170,0,0,0,2,5,4
116.42103,39.91527,1.01,-0.8,0,0,323.3,0,0,0,1,185,185,89,120,232,169,0,0,0,2,5,4
116.42097,39.91535,1.01,-0.8,0,0,324.26,0,0,0,1,185,185,89,120,232,169,0,0,0,2,5,4
116.42092,39.91543,1.01,-0.8,0,0,325.2,0,0,0,1,185,185,89,120,232,168,0,0,0,2,5,4
116.42086,39.91552,1.01,-0.8,0,0,325.95,0,0,0,1,185,185,89,120,232,168,0,0,0,2,5,4
116.42075,39.91568,1.01,-0.8,0,0,327.23,0,0,0,1,185,185,89,120,232,167,0,0,0,2,5,4
116.42069,39.91577,1.01,-0.8,0,0,-327.24,0,0,0,1,185,185,89,120,232,167,0,0,0,2,5,4
116.42059,39.91594,1.01,-0.8,0,0,-325.98,0,0,0,1,185,185,89,120,232,166,0,0,0,2,5,4
116.42054,39.91603,1.01,-0.8,0,0,-325.21,0,0,0,1,185,185,89,120,232,166,0,0,0,2,5,4
116.42044,39.91621,1.01,-0.8,0,0,-323.68,0,0,0,1,185,185,89,120,232,165,0,0,0,2,5,4
116.42039,39.9163,1.01,-0.8,0,0,-323.28,0,0,0,1,185,185,89,120,232,165,0,0,0,2,5,4
116.42035,39.91638,1.01,-0.8,0,0,-323.11,0,0,0,1,185,185,89,120,232,164,0,0,0,2,5,4
116.4203,39.91647,1.01,-0.8,0,0,-322.88,0,0,0,1,185,185,89,120,232,164,0,0,0,2,5,4
116.42021,39.91665,1.01,-0.8,0,0,-321.68,0,0,0,1,185,185,89,120,232,164,0,0,0,2,5,4
116.42016,39.91674,1.01,-0.8,0,0,-320.72,0,0,0,1,185,185,89,120,232,163,0,0,0,2,5,4
116.42008,39.91693,1.01,-0.8,0,0,-319.26,0,0,0,1,185,185,89,120,232,162,0,0,0,2,5,4
116.42008,39.91693,1.01,-0.8,0,0,-319.26,0,0,0,1,185,185,89,120,232,162,0,0,0,2,5,4
116.41996,39.91721,1.01,-0.8,0,0,-317.57,0,0,0,1,185,185,89,120,232,161,0,0,0,2,5,4
116.41992,39.9173,1.01,-0.8,0,0,-317.01,0,0,0,1,185,185,89,120,232,161,0,0,0,2,5,4
116.41989,39.91739,1.01,-0.8,0,0,-316.44,0,0,0,1,185,185,89,120,232,161,0,0,0,2,5,4
116.41985,39.91749,1.01,-0.8,0,0,-315.88,0,0,0,1,185,185,89,120,232,160,0,0,0,2,5,4
116.41978,39.91768,1.01,-0.8,0,0,-314.75,0,0,0,1,185,185,89,120,232,159,0,0,0,2,5,4
116.41975,39.91777,1.01,-0.8,0,0,-314.35,0,0,0,1,185,185,89,120,232,159,0,0,0,2,5,4
116.41969,39.91796,1.01,-0.8,0,0,-314.27,0,0,0,1,185,185,89,120,232,159,0,0,0,2,5,4
116.41965,39.91806,1.01,-0.8,0,0,-314.59,0,0,0,1,185,185,89,120,232,159,0,0,0,2,5,4
116.41959,39.91825,1.01,-0.8,0,0,-314.76,0,0,0,1,185,185,89,120,232,158,0,0,0,2,5,4
116.41955,39.91835,1.01,-0.8,0,0,-314.48,0,0,0,1,185,185,89,120,232,158,0,0,0,2,5,4
116.41952,39.91844,1.01,-0.8,0,0,-313.95,0,0,0,1,185,185,89,120,232,158,0,0,0,2,5,4
116.41952,39.91844,1.01,-0.8,0,0,-313.95,0,0,0,1,185,185,89,120,232,157,0,0,0,2,5,4
116.41946,39.91863,1.01,-0.8,0,0,-312.83,0,0,0,1,185,185,89,120,232,157,0,0,0,2,5,4
116.41943,39.91873,1.01,-0.8,0,0,-312.55,0,0,0,1,185,185,89,120,232,156,0,0,0,2,5,4
116.41937,39.91892,1.01,-0.8,0,0,-311.95,0,0,0,1,185,185,89,120,232,156,0,0,0,2,5,4
116.41934,39.91902,1.01,-0.8,0,0,-311.37,0,0,0,1,185,185,89,120,232,155,0,0,0,2,5,4
116.41929,39.91921,1.01,-0.8,0,0,-310.51,0,0,0,1,185,185,89,120,232,155,0,0,0,2,5,4
116.41926,39.91931,1.01,-0.8,0,0,-310.45,0,0,0,1,185,185,89,120,232,154,0,0,0,2,5,4
116.41923,39.91941,1.01,-0.8,0,0,-310.59,0,0,0,1,185,185,89,120,232,154,0,0,0,2,5,4
116.41921,39.91951,1.01,-0.8,0,0,-310.55,0,0,0,1,185,185,89,120,232,154,0,0,0,2,5,4
116.41916,39.9197,1.01,-0.8,0,0,-310,0,0,0,1,185,185,89,120,232,153,0,0,0,2,5,4
116.41913,39.9198,1.01,-0.8,0,0,-309.74,0,0,0,1,185,185,89,120,232,153,0,0,0,2,5,4
116.41908,39.91999,1.01,-0.8,0,0,-309.81,0,0,0,1,185,185,89,120,232,152,0,0,0,2,5,4
116.41905,39.92009,1.01,-0.8,0,0,-309.7,0,0,0,1,185,185,89,120,232,152,0,0,0,2,5,4
116.41901,39.92029,1.01,-0.8,0,0,-309.49,0,0,0,1,185,185,89,120,232,151,0,0,0,2,5,4
116.41898,39.92039,1.01,-0.8,0,0,-309.73,0,0,0,1,185,185,89,120,232,151,0,0,0,2,5,4
116.41893,39.92058,1.01,-0.8,0,0,-309.77,0,0,0,1,185,185,89,120,232,151,0,0,0,2,5,4
116.4189,39.92068,1.01,-0.8,0,0,-309.63,0,0,0,1,185,185,89,120,232,151,0,0,0,2,5,4
116.41888,39.92078,1.01,-0.8,0,0,-309.5,0,0,0,1,185,185,89,120,232,150,0,0,0,2,5,4
116.41886,39.92087,1.01,-0.8,0,0,-309.59,0,0,0,1,185,185,89,120,232,150,0,0,0,2,5,4
116.4188,39.92107,1.01,-0.8,0,0,-309.98,0,0,0,1,185,185,89,120,232,149,0,0,0,2,5,4
116.41879,39.92112,1.01,-0.8,0,0,-309.95,0,0,0,1,185,185,89,120,232,149,0,0,0,2,5,4
116.41877,39.9212,1.01,-0.8,0,0,-309.85,0,0,0,1,185,185,89,120,232,149,0,0,0,2,5,4
116.41875,39.9213,1.01,-0.8,0,0,-309.73,0,0,0,1,185,185,89,120,232,148,0,0,0,2,5,4
116.4187,39.92149,1.01,-0.8,0,0,-310,0,0,0,1,185,185,89,120,232,148,0,0,0,2,5,4
116.4187,39.92149,1.01,-0.8,0,0,-310,0,0,0,1,185,185,89,120,232,148,0,0,0,2,5,4
116.41865,39.92169,1.01,-0.8,0,0,-309.95,0,0,0,1,185,185,89,120,232,147,0,0,0,2,5,4
116.41862,39.92178,1.01,-0.8,0,0,-310.13,0,0,0,1,185,185,89,120,232,147,0,0,0,2,5,4
116.41857,39.92198,1.01,-0.8,0,0,-310.09,0,0,0,1,185,185,89,120,232,146,0,0,0,2,5,4
116.41854,39.92208,1.01,-0.8,0,0,-310.25,0,0,0,1,185,185,89,120,232,146,0,0,0,2,5,4
116.41849,39.92227,1.01,-0.8,0,0,-311.27,0,0,0,1,185,185,89,120,232,146,0,0,0,2,5,4
116.41846,39.92237,1.01,-0.8,0,0,-311.72,0,0,0,1,185,185,89,120,232,146,0,0,0,2,5,4
116.4184,39.92256,1.01,-0.8,0,0,-311.9,0,0,0,1,185,185,89,120,232,145,0,0,0,2,5,4
116.4184,39.92256,1.01,-0.8,0,0,-311.9,0,0,0,1,185,185,89,120,232,145,0,0,0,2,5,4
116.41835,39.92275,1.01,-0.8,0,0,-312.17,0,0,0,1,185,185,89,120,232,145,0,0,0,2,5,4
116.41832,39.92285,1.01,-0.8,0,0,-312.23,0,0,0,1,185,185,89,120,232,145,0,0,0,2,5,4
116.41826,39.92304,1.01,-0.8,0,0,-312.45,0,0,0,1,185,185,89,120,232,144,0,0,0,2,5,4
116.41823,39.92314,1.01,-0.8,0,0,-312.93,0,0,0,1,185,185,89,120,232,144,0,0,0,2,5,4
116.41816,39.92333,1.01,-0.8,0,0,-314.24,0,0,0,1,185,185,89,120,232,144,0,0,0,2,5,4
116.41813,39.92343,1.01,-0.8,0,0,-314.59,0,0,0,1,185,185,89,120,232,144,0,0,0,2,5,4
116.41806,39.92362,1.01,-0.8,0,0,-314.84,0,0,0,1,185,185,89,120,232,143,0,0,0,2,5,4
116.41806,39.92362,1.01,-0.8,0,0,-314.84,0,0,0,1,185,185,89,120,232,143,0,0,0,2,5,4
116.418,39.92381,1.01,-0.8,0,0,-315.4,0,0,0,1,185,185,89,120,232,143,0,0,0,2,5,4
116.41796,39.9239,1.01,-0.8,0,0,-315.47,0,0,0,1,185,185,89,120,232,143,0,0,0,2,5,4
116.41789,39.92409,1.01,-0.8,0,0,-316.27,0,0,0,1,185,185,89,120,232,143,0,0,0,2,5,4
116.41785,39.92419,1.01,-0.8,0,0,-316.94,0,0,0,1,185,185,89,120,232,143,0,0,0,2,5,4
116.41778,39.92437,1.01,-0.8,0,0,-317.61,0,0,0,1,185,185,89,120,232,142,0,0,0,2,5,4
116.41774,39.92447,1.01,-0.8,0,0,-317.57,0,0,0,1,185,185,89,120,232,142,0,0,0,2,5,4
116.4177,39.92456,1.01,-0.8,0,0,-317.56,0,0,0,1,185,185,89,120,232,142,0,0,0,2,5,4
116.41766,39.92465,1.01,-0.8,0,0,-317.79,0,0,0,1,185,185,89,120,232,141,0,0,0,2,5,4
116.41759,39.92484,1.01,-0.8,0,0,-318.94,0,0,0,1,185,185,89,120,232,141,0,0,0,2,5,4
116.41754,39.92493,1.01,-0.8,0,0,-319.45,0,0,0,1,185,185,89,120,232,141,0,0,0,2,5,4
116.41746,39.92511,1.01,-0.8,0,0,-319.82,0,0,0,1,185,185,89,120,232,141,0,0,0,2,5,4
116.41742,39.92521,1.01,-0.8,0,0,-320.15,0,0,0,1,185,185,89,120,232,141,0,0,0,2,5,4
116.41733,39.92539,1.01,-0.8,0,0,-321.55,0,0,0,1,185,185,89,120,232,141,0,0,0,2,5,4
116.41729,39.92548,1.01,-0.8,0,0,-322.44,0,0,0,1,185,185,89,120,232,141,0,0,0,2,5,4
116.41724,39.92557,1.01,-0.8,0,0,-323.08,0,0,0,1,185,185,89,120,232,141,0,0,0,2,5,4
116.41719,39.92566,1.01,-0.8,0,0,-323.49,0,0,0,1,185,185,89,120,232,141,0,0,0,2,5,4
116.4171,39.92583,1.01,-0.8,0,0,-323.83,0,0,0,1,185,185,89,120,232,140,0,0,0,2,5,4
116.41705,39.92592,1.01,-0.8,0,0,-324.26,0,0,0,1,185,185,89,120,232,140,0,0,0,2,5,4
116.41695,39.9261,1.01,-0.8,0,0,-325.27,0,0,0,1,185,185,89,120,232,140,0,0,0,2,5,4
116.4169,39.92619,1.01,-0.8,0,0,-325.43,0,0,0,1,185,185,89,120,232,140,0,0,0,2,5,4
116.4168,39.92636,1.01,-0.8,0,0,-325.11,0,0,0,1,185,185,89,120,232,140,0,0,0,2,5,4
116.41675,39.92645,1.01,-0.8,0,0,-325.1,0,0,0,1,185,185,89,120,232,139,0,0,0,2,5,4
116.4167,39.92654,1.01,-0.8,0,0,-325.33,0,0,0,1,185,185,89,120,232,139,0,0,0,2,5,4
116.41665,39.92662,1.01,-0.8,0,0,-325.81,0,0,0,1,185,185,89,120,232,139,0,0,0,2,5,4
116.41654,39.9268,1.01,-0.8,0,0,-326.66,0,0,0,1,185,185,89,120,232,139,0,0,0,2,5,4
116.41649,39.92688,1.01,-0.8,0,0,-326.73,0,0,0,1,185,185,89,120,232,139,0,0,0,2,5,4
116.41639,39.92706,1.01,-0.8,0,0,-326.5,0,0,0,1,185,185,89,120,232,138,0,0,0,2,5,4
116.41633,39.92714,1.01,-0.8,0,0,-326.68,0,0,0,1,185,185,89,120,232,138,0,0,0,2,5,4
116.41623,39.92731,1.01,-0.8,0,0,327.63,0,0,0,1,185,185,89,120,232,138,0,0,0,2,5,4
116.41623,39.92731,1.01,-0.8,0,0,327.63,0,0,0,1,185,185,89,120,232,138,0,0,0,2,5,4
116.41612,39.92748,1.01,-0.8,0,0,326.89,0,0,0,1,185,185,89,120,232,138,0,0,0,2,5,4
116.41606,39.92757,1.01,-0.8,0,0,326.41,0,0,0,1,185,185,89,120,232,138,0,0,0,2,5,4
116.41595,39.92773,1.01,-0.8,0,0,325.39,0,0,0,1,185,185,89,120,232,138,0,0,0,2,5,4
116.41589,39.92782,1.01,-0.8,0,0,325.23,0,0,0,1,185,185,89,120,232,138,0,0,0,2,5,4
116.41578,39.92798,1.01,-0.8,0,0,324.81,0,0,0,1,185,185,89,120,232,138,0,0,0,2,5,4
116.41572,39.92807,1.01,-0.8,0,0,324.23,0,0,0,1,185,185,89,120,232,138,0,0,0,2,5,4
116.4156,39.92823,1.01,-0.8,0,0,322.61,0,0,0,1,185,185,89,120,232,138,0,0,0,2,5,4
116.4156,39.92823,1.01,-0.8,0,0,322.61,0,0,0,1,185,185,89,120,232,138,0,0,0,2,5,4
116.41547,39.92839,1.01,-0.8,0,0,321.59,0,0,0,1,185,185,89,120,232,138,0,0,0,2,5,4
116.41541,39.92846,1.01,-0.8,0,0,321.13,0,0,0,1,185,185,89,120,232,138,0,0,0,2,5,4
116.41528,39.92862,1.01,-0.8,0,0,320.19,0,0,0,1,185,185,89,120,232,138,0,0,0,2,5,4
116.41522,39.9287,1.01,-0.8,0,0,319.73,0,0,0,1,185,185,89,120,232,138,0,0,0,2,5,4
116.41509,39.92885,1.01,-0.8,0,0,318.8,0,0,0,1,185,185,89,120,232,138,0,0,0,2,5,4
116.41502,39.92893,1.01,-0.8,0,0,318.33,0,0,0,1,185,185,89,120,232,138,0,0,0,2,5,4
116.41488,39.92908,1.01,-0.8,0,0,317.4,0,0,0,1,185,185,89,120,232,138,0,0,0,2,5,4
116.41488,39.92908,1.01,-0.8,0,0,317.4,0,0,0,1,185,185,89,120,232,138,0,0,0,2,5,4
116.41468,39.9293,1.01,-0.8,0,0,316,0,0,0,1,185,185,89,120,232,138,0,0,0,2,5,4
116.41468,39.9293,1.01,-0.8,0,0,316,0,0,0,1,185,185,89,120,232,138,0,0,0,2,5,4
116.41453,39.92944,1.01,-0.8,0,0,315.07,0,0,0,1,185,185,89,120,232,138,0,0,0,2,5,4
116.41446,39.92951,1.01,-0.8,0,0,314.6,0,0,0,1,185,185,89,120,232,138,0,0,0,2,5,4
116.41432,39.92965,1.01,-0.8,0,0,313.67,0,0,0,1,185,185,89,120,232,138,0,0,0,2,5,4
116.41425,39.92972,1.01,-0.8,0,0,313.21,0,0,0,1,185,185,89,120,232,138,0,0,0,2,5,4
116.4141,39.92986,1.01,-0.8,0,0,312.28,0,0,0,1,185,185,89,120,232,138,0,0,0,2,5,4
116.41402,39.92993,1.01,-0.8,0,0,311.81,0,0,0,1,185,185,89,120,232,138,0,0,0,2,5,4
116.41395,39.92999,1.01,-0.8,0,0,311.34,0,0,0,1,185,185,89,120,232,138,0,0,0,2,5,4
116.41387,39.93006,1.01,-0.8,0,0,310.88,0,0,0,1,185,185,89,120,232,138,0,0,0,2,5,4
116.41372,39.93019,1.01,-0.8,0,0,309.95,0,0,0,1,185,185,89,120,232,138,0,0,0,2,5,4
116.41364,39.93025,1.01,-0.8,0,0,309.48,0,0,0,1,185,185,89,120,232,138,0,0,0,2,5,4
116.41348,39.93038,1.01,-0.8,0,0,308.55,0,0,0,1,185,185,89,120,232,138,0,0,0,2,5,4
116.4134,39.93044,1.01,-0.8,0,0,308.08,0,0,0,1,185,185,89,120,232,138,0,0,0,2,5,4
116.41324,39.93057,1.01,-0.8,0,0,307.15,0,0,0,1,185,185,89,120,232,139,0,0,0,2,5,4
116.41316,39.93063,1.01,-0.8,0,0,306.68,0,0,0,1,185,185,89,120,232,139,0,0,0,2,5,4
116.41308,39.93069,1.01,-0.8,0,0,306.22,0,0,0,1,185,185,89,120,232,139,0,0,0,2,5,4
116.413,39.93075,1.01,-0.8,0,0,305.75,0,0,0,1,185,185,89,120,232,139,0,0,0,2,5,4
116.41283,39.93086,1.01,-0.8,0,0,304.82,0,0,0,1,185,185,89,120,232,139,0,0,0,2,5,4
116.41275,39.93092,1.01,-0.8,0,0,304.35,0,0,0,1,185,185,89,120,232,139,0,0,0,2,5,4
116.41258,39.93103,1.01,-0.8,0,0,303.42,0,0,0,1,185,185,89,120,232,139,0,0,0,2,5,4
116.4125,39.93109,1.01,-0.8,0,0,303.09,0,0,0,1,185,185,89,120,232,139,0,0,0,2,5,4
116.41233,39.9312,1.01,-0.8,0,0,302.84,0,0,0,1,185,185,89,120,232,139,0,0,0,2,5,4
116.41224,39.93125,1.01,-0.8,0,0,302.44,0,0,0,1,185,185,89,120,232,139,0,0,0,2,5,4
116.41216,39.93131,1.01,-0.8,0,0,301.98,0,0,0,1,185,185,89,120,232,140,0,0,0,2,5,4
116.41207,39.93136,1.01,-0.8,0,0,301.51,0,0,0,1,185,185,89,120,232,140,0,0,0,2,5,4
116.4119,39.93146,1.01,-0.8,0,0,300.63,0,0,0,1,185,185,89,120,232,140,0,0,0,2,5,4
116.41181,39.93152,1.01,-0.8,0,0,300.45,0,0,0,1,185,185,89,120,232,140,0,0,0,2,5,4
116.41164,39.93162,1.01,-0.8,0,0,300.06,0,0,0,1,185,185,89,120,232,140,0,0,0,2,5,4
116.41155,39.93167,1.01,-0.8,0,0,299.58,0,0,0,1,185,185,89,120,232,140,0,0,0,2,5,4
116.41137,39.93177,1.01,-0.8,0,0,298.69,0,0,0,1,185,185,89,120,232,140,0,0,0,2,5,4
116.41129,39.93181,1.01,-0.8,0,0,298.53,0,0,0,1,185,185,89,120,232,140,0,0,0,2,5,4
116.4112,39.93186,1.01,-0.8,0,0,298.39,0,0,0,1,185,185,89,120,232,140,0,0,0,2,5,4
116.41111,39.93191,1.01,-0.8,0,0,298.01,0,0,0,1,185,185,89,120,232,140,0,0,0,2,5,4
116.41093,39.932,1.01,-0.8,0,0,296.9,0,0,0,1,185,185,89,120,232,141,0,0,0,2,5,4
116.41084,39.93205,1.01,-0.8,0,0,296.63,0,0,0,1,185,185,89,120,232,141,0,0,0,2,5,4
116.41066,39.93214,1.01,-0.8,0,0,296.23,0,0,0,1,185,185,89,120,232,141,0,0,0,2,5,4
116.41057,39.93218,1.01,-0.8,0,0,295.82,0,0,0,1,185,185,89,120,232,141,0,0,0,2,5,4
116.41038,39.93227,1.01,-0.8,0,0,294.79,0,0,0,1,185,185,89,120,232,141,0,0,0,2,5,4
116.41029,39.93231,1.01,-0.8,0,0,294.57,0,0,0,1,185,185,89,120,232,142,0,0,0,2,5,4
116.4102,39.93235,1.01,-0.8,0,0,294.38,0,0,0,1,185,185,89,120,232,142,0,0,0,2,5,4
116.41011,39.93239,1.01,-0.8,0,0,294.18,0,0,0,1,185,185,89,120,232,142,0,0,0,2,5,4
116.40992,39.93247,1.01,-0.8,0,0,293.28,0,0,0,1,185,185,89,120,232,142,0,0,0,2,5,4
116.40983,39.93251,1.01,-0.8,0,0,292.78,0,0,0,1,185,185,89,120,232,142,0,0,0,2,5,4
116.40965,39.93259,1.01,-0.8,0,0,292.51,0,0,0,1,185,185,89,120,232,142,0,0,0,2,5,4
116.40955,39.93263,1.01,-0.8,0,0,292.72,0,0,0,1,185,185,89,120,232,142,0,0,0,2,5,4
116.40946,39.93267,1.01,-0.8,0,0,292.83,0,0,0,1,185,185,89,120,232,142,0,0,0,2,5,4
116.40937,39.93271,1.01,-0.8,0,0,292.7,0,0,0,1,185,185,89,120,232,142,0,0,0,2,5,4
116.40918,39.93278,1.01,-0.8,0,0,291.69,0,0,0,1,185,185,89,120,232,143,0,0,0,2,5,4
116.40918,39.93278,1.01,-0.8,0,0,291.69,0,0,0,1,185,185,89,120,232,143,0,0,0,2,5,4
116.40899,39.93286,1.01,-0.8,0,0,289.88,0,0,0,1,185,185,89,120,232,143,0,0,0,2,5,4
116.4089,39.93289,1.01,-0.8,0,0,289.18,0,0,0,1,185,185,89,120,232,144,0,0,0,2,5,4
116.4087,39.93295,1.01,-0.8,0,0,288.52,0,0,0,1,185,185,89,120,232,144,0,0,0,2,5,4
116.40861,39.93299,1.01,-0.8,0,0,288.34,0,0,0,1,185,185,89,120,232,144,0,0,0,2,5,4
116.40842,39.93305,1.01,-0.8,0,0,287.51,0,0,0,1,185,185,89,120,232,144,0,0,0,2,5,4
116.40832,39.93308,1.01,-0.8,0,0,287.34,0,0,0,1,185,185,89,120,232,144,0,0,0,2,5,4
116.40813,39.93314,1.01,-0.8,0,0,287.2,0,0,0,1,185,185,89,120,232,145,0,0,0,2,5,4
116.40813,39.93314,1.01,-0.8,0,0,287.2,0,0,0,1,185,185,89,120,232,145,0,0,0,2,5,4
116.40793,39.9332,1.01,-0.8,0,0,286.83,0,0,0,1,185,185,89,120,232,145,0,0,0,2,5,4
116.40784,39.93323,1.01,-0.8,0,0,286.35,0,0,0,1,185,185,89,120,232,145,0,0,0,2,5,4
116.40764,39.93328,1.01,-0.8,0,0,285.94,0,0,0,1,185,185,89,120,232,145,0,0,0,2,5,4
116.40755,39.93331,1.01,-0.8,0,0,285.87,0,0,0,1,185,185,89,120,232,145,0,0,0,2,5,4
116.40735,39.93337,1.01,-0.8,0,0,285.39,0,0,0,1,185,185,89,120,232,146,0,0,0,2,5,4
116.40726,39.93339,1.01,-0.8,0,0,284.91,0,0,0,1,185,185,89,120,232,146,0,0,0,2,5,4
116.40706,39.93344,1.01,-0.8,0,0,284.62,0,0,0,1,185,185,89,120,232,146,0,0,0,2,5,4
116.40706,39.93344,1.01,-0.8,0,0,284.62,0,0,0,1,185,185,89,120,232,146,0,0,0,2,5,4
116.40686,39.93349,1.01,-0.8,0,0,284.14,0,0,0,1,185,185,89,120,232,147,0,0,0,2,5,4
116.40677,39.93352,1.01,-0.8,0,0,283.93,0,0,0,1,185,185,89,120,232,147,0,0,0,2,5,4
116.40657,39.93357,1.01,-0.8,0,0,283.73,0,0,0,1,185,185,89,120,232,147,0,0,0,2,5,4
116.40647,39.93359,1.01,-0.8,0,0,283.38,0,0,0,1,185,185,89,120,232,147,0,0,0,2,5,4
116.40628,39.93364,1.01,-0.8,0,0,283.23,0,0,0,1,185,185,89,120,232,147,0,0,0,2,5,4
116.40618,39.93366,1.01,-0.8,0,0,283.05,0,0,0,1,185,185,89,120,232,147,0,0,0,2,5,4
116.40608,39.93368,1.01,-0.8,0,0,282.62,0,0,0,1,185,185,89,120,232,148,0,0,0,2,5,4
116.40598,39.9337,1.01,-0.8,0,0,281.94,0,0,0,1,185,185,89,120,232,148,0,0,0,2,5,4
116.40578,39.93374,1.01,-0.8,0,0,280.89,0,0,0,1,185,185,89,120,232,149,0,0,0,2,5,4
116.40568,39.93376,1.01,-0.8,0,0,280.73,0,0,0,1,185,185,89,120,232,149,0,0,0,2,5,4
116.40549,39.9338,1.01,-0.8,0,0,280.82,0,0,0,1,185,185,89,120,232,149,0,0,0,2,5,4
116.40539,39.93382,1.01,-0.8,0,0,280.6,0,0,0,1,185,185,89,120,232,149,0,0,0,2,5,4
116.40519,39.93385,1.01,-0.8,0,0,280.61,0,0,0,1,185,185,89,120,232,149,0,0,0,2,5,4
116.40509,39.93387,1.01,-0.8,0,0,280.63,0,0,0,1,185,185,89,120,232,149,0,0,0,2,5,4
116.40489,39.93391,1.01,-0.8,0,0,280.02,0,0,0,1,185,185,89,120,232,150,0,0,0,2,5,4
116.40489,39.93391,1.01,-0.8,0,0,280.02,0,0,0,1,185,185,89,120,232,150,0,0,0,2,5,4
116.4048,39.93392,1.01,-0.8,0,0,279.86,0,0,0,1,185,185,89,120,232,150,0,0,0,2,5,4
116.4047,39.93394,1.01,-0.8,0,0,279.93,0,0,0,1,185,185,89,120,232,150,0,0,0,2,5,4
116.4045,39.93398,1.01,-0.8,0,0,280.2,0,0,0,1,185,185,89,120,232,150,0,0,0,2,5,4
116.4044,39.934,1.01,-0.8,0,0,280.16,0,0,0,1,185,185,89,120,232,151,0,0,0,2,5,4
116.4042,39.93403,1.01,-0.8,0,0,280.44,0,0,0,1,185,185,89,120,232,151,0,0,0,2,5,4
116.40411,39.93405,1.01,-0.8,0,0,280.28,0,0,0,1,185,185,89,120,232,151,0,0,0,2,5,4
116.40391,39.93408,1.01,-0.8,0,0,279.23,0,0,0,1,185,185,89,120,232,151,0,0,0,2,5,4
116.40381,39.9341,1.01,-0.8,0,0,278.33,0,0,0,1,185,185,89,120,232,152,0,0,0,2,5,4
116.40371,39.93411,1.01,-0.8,0,0,277.46,0,0,0,1,185,185,89,120,232,152,0,0,0,2,5,4
116.40361,39.93413,1.01,-0.8,0,0,276.84,0,0,0,1,185,185,89,120,232,153,0,0,0,2,5,4
116.40341,39.93415,1.01,-0.8,0,0,276.32,0,0,0,1,185,185,89,120,232,153,0,0,0,2,5,4
116.40331,39.93416,1.01,-0.8,0,0,276.43,0,0,0,1,185,185,89,120,232,153,0,0,0,2,5,4
116.40311,39.93418,1.01,-0.8,0,0,277.39,0,0,0,1,185,185,89,120,232,153,0,0,0,2,5,4
116.40301,39.9342,1.01,-0.8,0,0,278.24,0,0,0,1,185,185,89,120,232,153,0,0,0,2,5,4
116.40281,39.93423,1.01,-0.8,0,0,279.63,0,0,0,1,185,185,89,120,232,153,0,0,0,2,5,4
116.40281,39.93423,1.01,-0.8,0,0,279.63,0,0,0,1,185,185,89,120,232,153,0,0,0,2,5,4
116.40261,39.93426,1.01,-0.8,0,0,280.13,0,0,0,1,185,185,89,120,232,153,0,0,0,2,5,4
116.40251,39.93428,1.01,-0.8,0,0,280.48,0,0,0,1,185,185,89,120,232,153,0,0,0,2,5,4
116.40231,39.93432,1.01,-0.8,0,0,281.26,0,0,0,1,185,185,89,120,232,153,0,0,0,2,5,4
116.40221,39.93434,1.01,-0.8,0,0,281.4,0,0,0,1,185,185,89,120,232,153,0,0,0,2,5,4
116.40201,39.93438,1.01,-0.8,0,0,282.36,0,0,0,1,185,185,89,120,232,153,0,0,0,2,5,4
116.40191,39.9344,1.01,-0.8,0,0,282.98,0,0,0,1,185,185,89,120,232,153,0,0,0,2,5,4
116.40172,39.93445,1.01,-0.8,0,0,283.5,0,0,0,1,185,185,89,120,232,153,0,0,0,2,5,4
116.40172,39.93445,1.01,-0.8,0,0,283.5,0,0,0,1,185,185,89,120,232,153,0,0,0,2,5,4
116.40152,39.9345,1.01,-0.8,0,0,283.3,0,0,0,1,185,185,89,120,232,154,0,0,0,2,5,4
116.40142,39.93452,1.01,-0.8,0,0,283.46,0,0,0,1,185,185,89,120,232,154,0,0,0,2,5,4
116.40123,39.93457,1.01,-0.8,0,0,284.5,0,0,0,1,185,185,89,120,232,154,0,0,0,2,5,4
116.40113,39.9346,1.01,-0.8,0,0,285.03,0,0,0,1,185,185,89,120,232,154,0,0,0,2,5,4
116.40094,39.93465,1.01,-0.8,0,0,285.35,0,0,0,1,185,185,89,120,232,154,0,0,0,2,5,4
116.40084,39.93467,1.01,-0.8,0,0,285.24,0,0,0,1,185,185,89,120,232,154,0,0,0,2,5,4
116.40064,39.93473,1.01,-0.8,0,0,285.64,0,0,0,1,185,185,89,120,232,154,0,0,0,2,5,4
116.40064,39.93473,1.01,-0.8,0,0,285.64,0,0,0,1,185,185,89,120,232,154,0,0,0,2,5,4
116.40045,39.93478,1.01,-0.8,0,0,286.14,0,0,0,1,185,185,89,120,232,154,0,0,0,2,5,4
116.40035,39.93481,1.01,-0.8,0,0,286.1,0,0,0,1,185,185,89,120,232,154,0,0,0,2,5,4
116.40016,39.93487,1.01,-0.8,0,0,286.23,0,0,0,1,185,185,89,120,232,154,0,0,0,2,5,4
116.40006,39.9349,1.01,-0.8,0,0,286.54,0,0,0,1,185,185,89,120,232,154,0,0,0,2,5,4
116.39987,39.93495,1.01,-0.8,0,0,287.14,0,0,0,1,185,185,89,120,232,154,0,0,0,2,5,4
116.39977,39.93498,1.01,-0.8,0,0,287.21,0,0,0,1,185,185,89,120,232,154,0,0,0,2,5,4
116.39958,39.93504,1.01,-0.8,0,0,287.26,0,0,0,1,185,185,89,120,232,154,0,0,0,2,5,4
116.39958,39.93504,1.01,-0.8,0,0,287.26,0,0,0,1,185,185,89,120,232,155,0,0,0,2,5,4
116.39939,39.93511,1.01,-0.8,0,0,287.89,0,0,0,1,185,185,89,120,232,155,0,0,0,2,5,4
116.39929,39.93514,1.01,-0.8,0,0,288.14,0,0,0,1,185,185,89,120,232,155,0,0,0,2,5,4
116.3991,39.9352,1.01,-0.8,0,0,288.1,0,0,0,1,185,185,89,120,232,155,0,0,0,2,5,4
116.399,39.93523,1.01,-0.8,0,0,288.28,0,0,0,1,185,185,89,120,232,155,0,0,0,2,5,4
116.39881,39.9353,1.01,-0.8,0,0,289.06,0,0,0,1,185,185,89,120,232,155,0,0,0,2,5,4
116.39872,39.93533,1.01,-0.8,0,0,289.18,0,0,0,1,185,185,89,120,232,155,0,0,0,2,5,4
116.39862,39.93536,1.01,-0.8,0,0,289.42,0,0,0,1,185,185,89,120,232,155,0,0,0,2,5,4
116.39853,39.9354,1.01,-0.8,0,0,289.87,0,0,0,1,185,185,89,120,232,155,0,0,0,2,5,4
116.39834,39.93547,1.01,-0.8,0,0,290.28,0,0,0,1,185,185,89,120,232,155,0,0,0,2,5,4
116.39824,39.9355,1.01,-0.8,0,0,290.57,0,0,0,1,185,185,89,120,232,155,0,0,0,2,5,4
116.39805,39.93557,1.01,-0.8,0,0,291.28,0,0,0,1,185,185,89,120,232,155,0,0,0,2,5,4
116.39796,39.93561,1.01,-0.8,0,0,291.29,0,0,0,1,185,185,89,120,232,155,0,0,0,2,5,4
116.39777,39.93568,1.01,-0.8,0,0,290.8,0,0,0,1,185,185,89,120,232,155,0,0,0,2,5,4
116.39768,39.93572,1.01,-0.8,0,0,290.79,0,0,0,1,185,185,89,120,232,155,0,0,0,2,5,4
116.39758,39.93575,1.01,-0.8,0,0,291.02,0,0,0,1,185,185,89,120,232,155,0,0,0,2,5,4
116.39749,39.93579,1.01,-0.8,0,0,291.49,0,0,0,1,185,185,89,120,232,155,0,0,0,2,5,4
116.3973,39.93587,1.01,-0.8,0,0,292.11,0,0,0,1,185,185,89,120,232,155,0,0,0,2,5,4
116.3973,39.93597,1.01,-0.8,0,0,292.37,0,0,0,1,185,185,89,120,232,155,0,0,0,2,5,4
116.39702,39.93598,1.01,-0.8,0,0,293.24,0,0,0,1,185,185,89,120,232,155,0,0,0,2,5,4
116.39693,39.93602,1.01,-0.8,0,0,293.37,0,0,0,1,185,185,89,120,232,155,0,0,0,2,5,4
116.39674,39.9361,1.01,-0.8,0,0,293.66,0,0,0,1,185,185,89,120,232,155,0,0,0,2,5,4
116.39665,39.93614,1.01,-0.8,0,0,293.99,0,0,0,1,185,185,89,120,232,155,0,0,0,2,5,4
116.39656,39.93618,1.01,-0.8,0,0,294.07,0,0,0,1,185,185,89,120,232,155,0,0,0,2,5,4
116.39647,39.93623,1.01,-0.8,0,0,294.13,0,0,0,1,185,185,89,120,232,155,0,0,0,2,5,4
116.39628,39.93631,1.01,-0.8,0,0,294.72,0,0,0,1,185,185,89,120,232,155,0,0,0,2,5,4
116.39619,39.93635,1.01,-0.8,0,0,294.76,0,0,0,1,185,185,89,120,232,155,0,0,0,2,5,4
116.39601,39.93644,1.01,-0.8,0,0,295.23,0,0,0,1,185,185,89,120,232,155,0,0,0,2,5,4
116.39592,39.93648,1.01,-0.8,0,0,295.8,0,0,0,1,185,185,89,120,232,155,0,0,0,2,5,4
116.39574,39.93657,1.01,-0.8,0,0,296.44,0,0,0,1,185,185,89,120,232,155,0,0,0,2,5,4
116.39565,39.93661,1.01,-0.8,0,0,296.61,0,0,0,1,185,185,89,120,232,155,0,0,0,2,5,4
116.39556,39.93666,1.01,-0.8,0,0,296.82,0,0,0,1,185,185,89,120,232,155,0,0,0,2,5,4
116.39547,39.93671,1.01,-0.8,0,0,297.25,0,0,0,1,185,185,89,120,232,155,0,0,0,2,5,4
116.39529,39.9368,1.01,-0.8,0,0,298.17,0,0,0,1,185,185,89,120,232,155,0,0,0,2,5,4
116.3952,39.93685,1.01,-0.8,0,0,298.39,0,0,0,1,185,185,89,120,232,155,0,0,0,2,5,4
116.39502,39.93695,1.01,-0.8,0,0,299.49,0,0,0,1,185,185,89,120,232,154,0,0,0,2,5,4
116.39493,39.937,1.01,-0.8,0,0,300.41,0,0,0,1,185,185,89,120,232,154,0,0,0,2,5,4
116.39476,39.9371,1.01,-0.8,0,0,301.85,0,0,0,1,185,185,89,120,232,154,0,0,0,2,5,4
116.39468,39.93715,1.01,-0.8,0,0,302.21,0,0,0,1,185,185,89,120,232,154,0,0,0,2,5,4
116.39451,39.93726,1.01,-0.8,0,0,302.63,0,0,0,1,185,185,89,120,232,154,0,0,0,2,5,4
116.39442,39.93732,1.01,-0.8,0,0,303.13,0,0,0,1,185,185,89,120,232,153,0,0,0,2,5,4
116.39434,39.93737,1.01,-0.8,0,0,303.48,0,0,0,1,185,185,89,120,232,153,0,0,0,2,5,4
116.39425,39.93743,1.01,-0.8,0,0,303.62,0,0,0,1,185,185,89,120,232,153,0,0,0,2,5,4
116.39409,39.93754,1.01,-0.8,0,0,303.81,0,0,0,1,185,185,89,120,232,153,0,0,0,2,5,4
116.394,39.9376,1.01,-0.8,0,0,304.05,0,0,0,1,185,185,89,120,232,153,0,0,0,2,5,4
116.39384,39.93771,1.01,-0.8,0,0,304.93,0,0,0,1,185,185,89,120,232,153,0,0,0,2,5,4
116.39375,39.93777,1.01,-0.8,0,0,305.09,0,0,0,1,185,185,89,120,232,153,0,0,0,2,5,4
116.39367,39.93783,1.01,-0.8,0,0,305.19,0,0,0,1,185,185,89,120,232,153,0,0,0,2,5,4
116.39359,39.93789,1.01,-0.8,0,0,305.3,0,0,0,1,185,185,89,120,232,153,0,0,0,2,5,4
116.39342,39.938,1.01,-0.8,0,0,306.13,0,0,0,1,185,185,89,120,232,152,0,0,0,2,5,4
116.39334,39.93806,1.01,-0.8,0,0,306.51,0,0,0,1,185,185,89,120,232,152,0,0,0,2,5,4
116.39318,39.93818,1.01,-0.8,0,0,306.71,0,0,0,1,185,185,89,120,232,152,0,0,0,2,5,4
116.3931,39.93824,1.01,-0.8,0,0,307.02,0,0,0,1,185,185,89,120,232,152,0,0,0,2,5,4
116.39294,39.93837,1.01,-0.8,0,0,307.44,0,0,0,1,185,185,89,120,232,152,0,0,0,2,5,4
116.39294,39.93837,1.01,-0.8,0,0,307.44,0,0,0,1,185,185,89,120,232,152,0,0,0,2,5,4
116.39278,39.93849,1.01,-0.8,0,0,307.9,0,0,0,1,185,185,89,120,232,152,0,0,0,2,5,4
116.3927,39.93855,1.01,-0.8,0,0,308.23,0,0,0,1,185,185,89,120,232,151,0,0,0,2,5,4
116.39254,39.93868,1.01,-0.8,0,0,308.48,0,0,0,1,185,185,89,120,232,151,0,0,0,2,5,4
116.39246,39.93874,1.01,-0.8,0,0,308.89,0,0,0,1,185,185,89,120,232,151,0,0,0,2,5,4
116.39238,39.9388,1.01,-0.8,0,0,309.54,0,0,0,1,185,185,89,120,232,151,0,0,0,2,5,4
116.39231,39.93887,1.01,-0.8,0,0,310.36,0,0,0,1,185,185,89,120,232,151,0,0,0,2,5,4
116.39215,39.939,1.01,-0.8,0,0,311.37,0,0,0,1,185,185,89,120,232,150,0,0,0,2,5,4
116.39208,39.93907,1.01,-0.8,0,0,311.5,0,0,0,1,185,185,89,120,232,150,0,0,0,2,5,4
116.392,39.93913,1.01,-0.8,0,0,311.57,0,0,0,1,185,185,89,120,232,150,0,0,0,2,5,4
116.39193,39.9392,1.01,-0.8,0,0,311.87,0,0,0,1,185,185,89,120,232,150,0,0,0,2,5,4
116.39178,39.93934,1.01,-0.8,0,0,312.38,0,0,0,1,185,185,89,120,232,150,0,0,0,2,5,4
116.3917,39.93941,1.01,-0.8,0,0,312.38,0,0,0,1,185,185,89,120,232,150,0,0,0,2,5,4
116.39156,39.93954,1.01,-0.8,0,0,312.38,0,0,0,1,185,185,89,120,232,149,0,0,0,2,5,4
116.39148,39.93961,1.01,-0.8,0,0,312.38,0,0,0,1,185,185,89,120,232,149,0,0,0,2,5,4
116.39133,39.93975,1.01,-0.8,0,0,312.38,0,0,0,1,185,185,89,120,232,149,0,0,0,2,5,4
116.39133,39.93975,1.01,-0.8,0,0,312.38,0,0,0,1,185,185,89,120,232,149,0,0,0,2,5,4
116.39118,39.93988,1.01,-0.8,0,0,312.38,0,0,0,1,185,185,89,120,232,149,0,0,0,2,5,4
116.39111,39.93995,1.01,-0.8,0,0,312.38,0,0,0,1,185,185,89,120,232,149,0,0,0,2,5,4
116.39096,39.94009,1.01,-0.8,0,0,312.38,0,0,0,1,185,185,89,120,232,149,0,0,0,2,5,4
116.39088,39.94015,1.01,-0.8,0,0,312.38,0,0,0,1,185,185,89,120,232,149,0,0,0,2,5,4
116.39074,39.94029,1.01,-0.8,0,0,312.38,0,0,0,1,185,185,89,120,232,149,0,0,0,2,5,4
116.39066,39.94036,1.01,-0.8,0,0,312.38,0,0,0,1,185,185,89,120,232,149,0,0,0,2,5,4
116.39051,39.94049,1.01,-0.8,0,0,312.38,0,0,0,1,185,185,89,120,232,148,0,0,0,2,5,4
116.39051,39.94049,1.01,-0.8,0,0,312.38,0,0,0,1,185,185,89,120,232,148,0,0,0,2,5,4
116.39036,39.94063,1.01,-0.8,0,0,312.38,0,0,0,1,185,185,89,120,232,148,0,0,0,2,5,4
116.39029,39.9407,1.01,-0.8,0,0,312.38,0,0,0,1,185,185,89,120,232,148,0,0,0,2,5,4
116.39014,39.94083,1.01,-0.8,0,0,312.38,0,0,0,1,185,185,89,120,232,148,0,0,0,2,5,4
116.39006,39.9409,1.01,-0.8,0,0,312.38,0,0,0,1,185,185,89,120,232,148,0,0,0,2,5,4
116.38992,39.94104,1.01,-0.8,0,0,312.38,0,0,0,1,185,185,89,120,232,148,0,0,0,2,5,4
116.38984,39.94111,1.01,-0.8,0,0,312.38,0,0,0,1,185,185,89,120,232,148,0,0,0,2,5,4
116.38977,39.94117,1.01,-0.8,0,0,312.38,0,0,0,1,185,185,89,120,232,148,0,0,0,2,5,4
116.38969,39.94124,1.01,-0.8,0,0,312.38,0,0,0,1,185,185,89,120,232,148,0,0,0,2,5,4
116.38954,39.94138,1.01,-0.8,0,0,312.38,0,0,0,1,185,185,89,120,232,147,0,0,0,2,5,4
116.38947,39.94145,1.01,-0.8,0,0,312.38,0,0,0,1,185,185,89,120,232,147,0,0,0,2,5,4
116.38932,39.94158,1.01,-0.8,0,0,312.38,0,0,0,1,185,185,89,120,232,147,0,0,0,2,5,4
116.38924,39.94165,1.01,-0.8,0,0,312.38,0,0,0,1,185,185,89,120,232,147,0,0,0,2,5,4
116.3891,39.94179,1.01,-0.8,0,0,311.92,0,0,0,1,185,185,89,120,232,147,0,0,0,2,5,4
116.3891,39.94179,1.01,-0.8,0,0,311.92,0,0,0,1,185,185,89,120,232,147,0,0,0,2,5,4
116.38894,39.94192,1.01,-0.8,0,0,311.4,0,0,0,1,185,185,89,120,232,147,0,0,0,2,5,4
116.38887,39.94199,1.01,-0.8,0,0,311.35,0,0,0,1,185,185,89,120,232,147,0,0,0,2,5,4
116.38872,39.94212,1.01,-0.8,0,0,311.25,0,0,0,1,185,185,89,120,232,147,0,0,0,2,5,4
116.38864,39.94219,1.01,-0.8,0,0,311.2,0,0,0,1,185,185,89,120,232,147,0,0,0,2,5,4
116.38849,39.94232,1.01,-0.8,0,0,311.11,0,0,0,2,185,185,89,120,232,135,0,0,0,2,5,4
116.38841,39.94238,1.01,-0.8,0,0,311.03,0,0,0,2,185,185,89,120,232,134,0,0,0,2,5,4
116.38826,39.94252,1.01,-0.8,0,0,310.22,0,0,0,2,185,185,89,120,232,134,0,0,0,2,5,4
116.38826,39.94252,1.01,-0.8,0,0,310.22,0,0,0,2,185,185,89,120,232,134,0,0,0,2,5,4
116.3881,39.94264,1.01,-0.8,0,0,308.54,0,0,0,2,185,185,89,120,232,134,0,0,0,2,5,4
116.38802,39.94271,1.01,-0.8,0,0,307.84,0,0,0,2,185,185,89,120,232,134,0,0,0,2,5,4
116.38786,39.94283,1.01,-0.8,0,0,306.43,0,0,0,2,185,185,89,120,232,133,0,0,0,2,5,4
116.38778,39.94289,1.01,-0.8,0,0,305.54,0,0,0,2,185,185,89,120,232,133,0,0,0,2,5,4
116.38762,39.943,1.01,-0.8,0,0,304.48,0,0,0,2,185,185,89,120,232,133,0,0,0,2,5,4
116.38753,39.94306,1.01,-0.8,0,0,304.31,0,0,0,2,185,185,89,120,232,133,0,0,0,2,5,4
116.38745,39.94312,1.01,-0.8,0,0,304.02,0,0,0,2,185,185,89,120,232,132,0,0,0,2,5,4
116.38745,39.94312,1.01,-0.8,0,0,304.02,0,0,0,2,185,185,89,120,232,132,0,0,0,2,5,4
116.38741,39.94315,1.01,-0.8,0,0,303.79,0,0,0,2,185,185,89,120,232,132,0,0,0,2,5,4
116.38732,39.9432,1.01,-0.8,0,0,303.14,0,0,0,2,185,185,89,120,232,132,0,0,0,2,5,4
116.38715,39.94331,1.01,-0.8,0,0,301.46,0,0,0,2,185,185,89,120,232,132,0,0,0,2,5,4
116.38707,39.94336,1.01,-0.8,0,0,300.83,0,0,0,2,185,185,89,120,232,132,0,0,0,2,5,4
116.38689,39.94346,1.01,-0.8,0,0,298.95,0,0,0,2,185,185,89,120,232,132,0,0,0,2,5,4
116.38689,39.94356,1.01,-0.8,0,0,297.63,0,0,0,2,185,185,89,120,232,132,0,0,0,2,5,4
116.38662,39.9436,1.01,-0.8,0,0,295.21,0,0,0,2,185,185,89,120,232,132,0,0,0,2,5,4
116.38662,39.9436,1.01,-0.8,0,0,295.21,0,0,0,2,185,185,89,120,232,132,0,0,0,2,5,4
116.38644,39.94368,1.01,-0.8,0,0,293.71,0,0,0,2,185,185,89,120,232,132,0,0,0,2,5,4
116.38635,39.94372,1.01,-0.8,0,0,293.07,0,0,0,2,185,185,89,120,232,132,0,0,0,2,5,4
116.38616,39.9438,1.01,-0.8,0,0,291.33,0,0,0,2,185,185,89,120,232,132,0,0,0,2,5,4
116.38606,39.94383,1.01,-0.8,0,0,290.54,0,0,0,2,185,185,89,120,232,132,0,0,0,2,5,4
116.38587,39.9439,1.01,-0.8,0,0,289.65,0,0,0,2,185,185,89,120,232,132,0,0,0,2,5,4
116.38578,39.94394,1.01,-0.8,0,0,289.17,0,0,0,2,185,185,89,120,232,132,0,0,0,2,5,4
116.38559,39.944,1.01,-0.8,0,0,287.48,0,0,0,2,185,185,89,120,232,132,0,0,0,2,5,4
116.38549,39.94403,1.01,-0.8,0,0,286.34,0,0,0,2,185,185,89,120,232,131,0,0,0,2,5,4
116.38539,39.94406,1.01,-0.8,0,0,285.4,0,0,0,2,185,185,89,120,232,132,0,0,0,2,5,4
116.3853,39.94408,1.01,-0.8,0,0,284.7,0,0,0,2,185,185,89,120,232,132,0,0,0,2,5,4
116.3851,39.94413,1.01,-0.8,0,0,283.9,0,0,0,2,185,185,89,120,232,132,0,0,0,2,5,4
116.385,39.94416,1.01,-0.8,0,0,283.32,0,0,0,2,185,185,89,120,232,132,0,0,0,2,5,4
116.38481,39.9442,1.01,-0.8,0,0,281.65,0,0,0,2,185,185,89,120,232,132,0,0,0,2,5,4
116.38471,39.94422,1.01,-0.8,0,0,281.05,0,0,0,2,185,185,89,120,232,132,0,0,0,2,5,4
116.38451,39.94426,1.01,-0.8,0,0,279.56,0,0,0,2,185,185,89,120,232,132,0,0,0,2,5,4
116.38441,39.94427,1.01,-0.8,0,0,278.76,0,0,0,2,185,185,89,120,232,132,0,0,0,2,5,4
116.38431,39.94429,1.01,-0.8,0,0,278.21,0,0,0,2,185,185,89,120,232,132,0,0,0,2,5,4
116.38421,39.9443,1.01,-0.8,0,0,277.58,0,0,0,2,185,185,89,120,232,132,0,0,0,2,5,4
116.38401,39.94432,1.01,-0.8,0,0,275.98,0,0,0,2,185,185,89,120,232,132,0,0,0,2,5,4
116.38391,39.94433,1.01,-0.8,0,0,275.48,0,0,0,2,185,185,89,120,232,132,0,0,0,2,5,4
116.38371,39.94435,1.01,-0.8,0,0,274.41,0,0,0,2,185,185,89,120,232,132,0,0,0,2,5,4
116.38361,39.94436,1.01,-0.8,0,0,273.62,0,0,0,2,185,185,89,120,232,132,0,0,0,2,5,4
116.38341,39.94437,1.01,-0.8,0,0,272.17,0,0,0,2,185,185,89,120,232,133,0,0,0,2,5,4
116.3833,39.94437,1.01,-0.8,0,0,271.74,0,0,0,2,185,185,89,120,232,133,0,0,0,2,5,4
116.3832,39.94437,1.01,-0.8,0,0,271.28,0,0,0,2,185,185,89,120,232,133,0,0,0,2,5,4
116.3831,39.94438,1.01,-0.8,0,0,270.59,0,0,0,2,185,185,89,120,232,133,0,0,0,2,5,4
116.3829,39.94438,1.01,-0.8,0,0,269.02,0,0,0,2,185,185,89,120,232,133,0,0,0,2,5,4
116.3828,39.94437,1.01,-0.8,0,0,268.24,0,0,0,2,185,185,89,120,232,133,0,0,0,2,5,4
116.3826,39.94436,1.01,-0.8,0,0,266.96,0,0,0,2,185,185,89,120,232,133,0,0,0,2,5,4
116.3825,39.94436,1.01,-0.8,0,0,266.54,0,0,0,2,185,185,89,120,232,133,0,0,0,2,5,4
116.3823,39.94434,1.01,-0.8,0,0,265.17,0,0,0,2,185,185,89,120,232,134,0,0,0,2,5,4
116.3823,39.94434,1.01,-0.8,0,0,265.17,0,0,0,2,185,185,89,120,232,134,0,0,0,2,5,4
116.3821,39.94432,1.01,-0.8,0,0,264.28,0,0,0,2,185,185,89,120,232,134,0,0,0,2,5,4
116.3821,39.94432,1.01,-0.8,0,0,263.63,0,0,0,2,185,185,89,120,232,134,0,0,0,2,5,4
116.38179,39.94429,1.01,-0.8,0,0,262.06,0,0,0,2,185,185,89,120,232,134,0,0,0,2,5,4
116.38169,39.94427,1.01,-0.8,0,0,261.29,0,0,0,2,185,185,89,120,232,134,0,0,0,2,5,4
116.3815,39.94424,1.01,-0.8,0,0,260.3,0,0,0,2,185,185,89,120,232,135,0,0,0,2,5,4
116.3814,39.94422,1.01,-0.8,0,0,259.77,0,0,0,2,185,185,89,120,232,135,0,0,0,2,5,4
116.3812,39.94419,1.01,-0.8,0,0,258.43,0,0,0,2,185,185,89,120,232,135,0,0,0,2,5,4
116.3812,39.94419,1.01,-0.8,0,0,258.43,0,0,0,2,185,185,89,120,232,135,0,0,0,2,5,4
116.381,39.94414,1.01,-0.8,0,0,257.45,0,0,0,2,185,185,89,120,232,135,0,0,0,2,5,4
116.3809,39.94412,1.01,-0.8,0,0,256.7,0,0,0,2,185,185,89,120,232,135,0,0,0,2,5,4
116.38071,39.94407,1.01,-0.8,0,0,255.84,0,0,0,2,185,185,89,120,232,136,0,0,0,2,5,4
116.38061,39.94405,1.01,-0.8,0,0,255.51,0,0,0,2,185,185,89,120,232,136,0,0,0,2,5,4
116.38041,39.944,1.01,-0.8,0,0,254.28,0,0,0,2,185,185,89,120,232,136,0,0,0,2,5,4
116.38032,39.94397,1.01,-0.8,0,0,253.62,0,0,0,2,185,185,89,120,232,136,0,0,0,2,5,4
116.38012,39.94391,1.01,-0.8,0,0,252.88,0,0,0,2,185,185,89,120,232,136,0,0,0,2,5,4
116.38012,39.94391,1.01,-0.8,0,0,252.88,0,0,0,2,185,185,89,120,232,136,0,0,0,2,5,4
116.37993,39.94385,1.01,-0.8,0,0,251.86,0,0,0,2,185,185,89,120,232,137,0,0,0,2,5,4
116.37984,39.94382,1.01,-0.8,0,0,251.38,0,0,0,2,185,185,89,120,232,137,0,0,0,2,5,4
116.37974,39.94378,1.01,-0.8,0,0,251.16,0,0,0,2,185,185,89,120,232,137,0,0,0,2,5,4
116.37955,39.94372,1.01,-0.8,0,0,251.24,0,0,0,2,185,185,89,120,232,137,0,0,0,2,5,4
116.37936,39.94365,1.01,-0.8,0,0,250.67,0,0,0,2,185,185,89,120,232,137,0,0,0,2,5,4
116.37926,39.94362,1.01,-0.8,0,0,250.02,0,0,0,2,185,185,89,120,232,137,0,0,0,2,5,4
116.37907,39.94355,1.01,-0.8,0,0,249.02,0,0,0,2,185,185,89,120,232,138,0,0,0,2,5,4
116.37907,39.94355,1.01,-0.8,0,0,249.02,0,0,0,2,185,185,89,120,232,138,0,0,0,2,5,4
116.37889,39.94347,1.01,-0.8,0,0,247.97,0,0,0,2,185,185,89,120,232,138,0,0,0,2,5,4
116.37879,39.94344,1.01,-0.8,0,0,247.4,0,0,0,2,185,185,89,120,232,138,0,0,0,2,5,4
116.37861,39.94336,1.01,-0.8,0,0,246.94,0,0,0,2,185,185,89,120,232,139,0,0,0,2,5,4
116.37851,39.94332,1.01,-0.8,0,0,246.66,0,0,0,2,185,185,89,120,232,139,0,0,0,2,5,4
116.37833,39.94324,1.01,-0.8,0,0,245.61,0,0,0,2,185,185,89,120,232,139,0,0,0,2,5,4
116.37824,39.94319,1.01,-0.8,0,0,245.11,0,0,0,2,185,185,89,120,232,139,0,0,0,2,5,4
116.37806,39.94311,1.01,-0.8,0,0,244.69,0,0,0,2,185,185,89,120,232,140,0,0,0,2,5,4
116.37806,39.94311,1.01,-0.8,0,0,244.69,0,0,0,2,185,185,89,120,232,140,0,0,0,2,5,4
116.37787,39.94302,1.01,-0.8,0,0,243.87,0,0,0,2,185,185,89,120,232,140,0,0,0,2,5,4
116.37778,39.94298,1.01,-0.8,0,0,243.64,0,0,0,2,185,185,89,120,232,140,0,0,0,2,5,4
116.3776,39.94289,1.01,-0.8,0,0,243.52,0,0,0,2,185,185,89,120,232,140,0,0,0,2,5,4
116.37751,39.94284,1.01,-0.8,0,0,243.18,0,0,0,2,185,185,89,120,232,141,0,0,0,2,5,4
116.37733,39.94275,1.01,-0.8,0,0,242.42,0,0,0,2,185,185,89,120,232,141,0,0,0,2,5,4
116.37724,39.9427,1.01,-0.8,0,0,242.26,0,0,0,2,185,185,89,120,232,141,0,0,0,2,5,4
116.37715,39.94265,1.01,-0.8,0,0,242.3,0,0,0,2,185,185,89,120,232,141,0,0,0,2,5,4
116.37706,39.94261,1.01,-0.8,0,0,242.17,0,0,0,2,185,185,89,120,232,141,0,0,0,2,5,4
116.37689,39.94251,1.01,-0.8,0,0,241.49,0,0,0,2,185,185,89,120,232,142,0,0,0,2,5,4
116.3768,39.94246,1.01,-0.8,0,0,241.15,0,0,0,2,185,185,89,120,232,142,0,0,0,2,5,4
116.37662,39.94237,1.01,-0.8,0,0,240.58,0,0,0,2,185,185,89,120,232,142,0,0,0,2,5,4
116.37654,39.94232,1.01,-0.8,0,0,240.59,0,0,0,2,185,185,89,120,232,142,0,0,0,2,5,4
116.37645,39.94227,1.01,-0.8,0,0,240.58,0,0,0,2,185,185,89,120,232,142,0,0,0,2,5,4
116.37636,39.94222,1.01,-0.8,0,0,240.32,0,0,0,2,185,185,89,120,232,142,0,0,0,2,5,4
116.37618,39.94212,1.01,-0.8,0,0,239.65,0,0,0,2,185,185,89,120,232,143,0,0,0,2,5,4
116.3761,39.94206,1.01,-0.8,0,0,239.49,0,0,0,2,185,185,89,120,232,143,0,0,0,2,5,4
116.37601,39.94201,1.01,-0.8,0,0,239.54,0,0,0,2,185,185,89,120,232,143,0,0,0,2,5,4
116.37592,39.94196,1.01,-0.8,0,0,239.46,0,0,0,2,185,185,89,120,232,143,0,0,0,2,5,4
116.37575,39.94186,1.01,-0.8,0,0,238.62,0,0,0,2,185,185,89,120,232,144,0,0,0,2,5,4
116.37567,39.94181,1.01,-0.8,0,0,238.32,0,0,0,2,185,185,89,120,232,144,0,0,0,2,5,4
116.37549,39.9417,1.01,-0.8,0,0,238.11,0,0,0,2,185,185,89,120,232,144,0,0,0,2,5,4
116.37541,39.94165,1.01,-0.8,0,0,237.94,0,0,0,2,185,185,89,120,232,144,0,0,0,2,5,4
116.37524,39.94154,1.01,-0.8,0,0,237.06,0,0,0,2,185,185,89,120,232,145,0,0,0,2,5,4
116.37515,39.94148,1.01,-0.8,0,0,236.83,0,0,0,2,185,185,89,120,232,145,0,0,0,2,5,4
116.37498,39.94137,1.01,-0.8,0,0,236.68,0,0,0,2,185,185,89,120,232,145,0,0,0,2,5,4
116.37498,39.94137,1.01,-0.8,0,0,236.68,0,0,0,2,185,185,89,120,232,145,0,0,0,2,5,4
116.37482,39.94126,1.01,-0.8,0,0,236.27,0,0,0,2,185,185,89,120,232,146,0,0,0,2,5,4
116.37473,39.9412,1.01,-0.8,0,0,235.8,0,0,0,2,185,185,89,120,232,146,0,0,0,2,5,4
116.37457,39.94109,1.01,-0.8,0,0,235.44,0,0,0,2,185,185,89,120,232,146,0,0,0,2,5,4
116.37448,39.94103,1.01,-0.8,0,0,235.39,0,0,0,2,185,185,89,120,232,146,0,0,0,2,5,4
116.37432,39.94092,1.01,-0.8,0,0,235.29,0,0,0,2,185,185,89,120,232,147,0,0,0,2,5,4
116.37423,39.94086,1.01,-0.8,0,0,235.24,0,0,0,2,185,185,89,120,232,147,0,0,0,2,5,4
116.37407,39.94075,1.01,-0.8,0,0,235.15,0,0,0,2,185,185,89,120,232,147,0,0,0,2,5,4
116.37407,39.94075,1.01,-0.8,0,0,235.15,0,0,0,2,185,185,89,120,232,147,0,0,0,2,5,4
116.3739,39.94063,1.01,-0.8,0,0,235.05,0,0,0,2,185,185,89,120,232,147,0,0,0,2,5,4
116.37382,39.94057,1.01,-0.8,0,0,235,0,0,0,2,185,185,89,120,232,148,0,0,0,2,5,4
116.37366,39.94046,1.01,-0.8,0,0,234.9,0,0,0,2,185,185,89,120,232,148,0,0,0,2,5,4
116.37357,39.9404,1.01,-0.8,0,0,234.85,0,0,0,2,185,185,89,120,232,148,0,0,0,2,5,4
116.37341,39.94028,1.01,-0.8,0,0,234.75,0,0,0,2,185,185,89,120,232,148,0,0,0,2,5,4
116.37333,39.94022,1.01,-0.8,0,0,234.7,0,0,0,2,185,185,89,120,232,148,0,0,0,2,5,4
116.37316,39.94011,1.01,-0.8,0,0,234.61,0,0,0,2,185,185,89,120,232,149,0,0,0,2,5,4
116.37316,39.94011,1.01,-0.8,0,0,234.61,0,0,0,2,185,185,89,120,232,149,0,0,0,2,5,4
116.373,39.93999,1.01,-0.8,0,0,234.93,0,0,0,2,185,185,89,120,232,149,0,0,0,2,5,4
116.37291,39.93993,1.01,-0.8,0,0,235.28,0,0,0,2,185,185,89,120,232,149,0,0,0,2,5,4
116.37275,39.93982,1.01,-0.8,0,0,235.36,0,0,0,2,185,185,89,120,232,149,0,0,0,2,5,4
116.37266,39.93976,1.01,-0.8,0,0,235.34,0,0,0,2,185,185,89,120,232,149,0,0,0,2,5,4
116.3725,39.93965,1.01,-0.8,0,0,235.76,0,0,0,2,185,185,89,120,232,150,0,0,0,2,5,4
116.37241,39.93959,1.01,-0.8,0,0,236.06,0,0,0,2,185,185,89,120,232,150,0,0,0,2,5,4
116.37225,39.93948,1.01,-0.8,0,0,235.94,0,0,0,2,185,185,89,120,232,150,0,0,0,2,5,4
116.37225,39.93948,1.01,-0.8,0,0,235.94,0,0,0,2,185,185,89,120,232,150,0,0,0,2,5,4
116.37208,39.93936,1.01,-0.8,0,0,234.94,0,0,0,2,185,185,89,120,232,150,0,0,0,2,5,4
116.372,39.9393,1.01,-0.8,0,0,234.58,0,0,0,2,185,185,89,120,232,151,0,0,0,2,5,4
116.37183,39.93919,1.01,-0.8,0,0,234.61,0,0,0,2,185,185,89,120,232,151,0,0,0,2,5,4
116.37175,39.93913,1.01,-0.8,0,0,234.81,0,0,0,2,185,185,89,120,232,151,0,0,0,2,5,4
116.37159,39.93901,1.01,-0.8,0,0,234.71,0,0,0,2,185,185,89,120,232,151,0,0,0,2,5,4
116.3715,39.93895,1.01,-0.8,0,0,234.9,0,0,0,2,185,185,89,120,232,151,0,0,0,2,5,4
116.37134,39.93884,1.01,-0.8,0,0,235.97,0,0,0,2,185,185,89,120,232,151,0,0,0,2,5,4
116.37134,39.93884,1.01,-0.8,0,0,235.97,0,0,0,2,185,185,89,120,232,151,0,0,0,2,5,4
116.37117,39.93873,1.01,-0.8,0,0,236.73,0,0,0,2,185,185,89,120,232,152,0,0,0,2,5,4
116.37109,39.93867,1.01,-0.8,0,0,236.74,0,0,0,2,185,185,89,120,232,152,0,0,0,2,5,4
116.37092,39.93856,1.01,-0.8,0,0,236.62,0,0,0,2,185,185,89,120,232,152,0,0,0,2,5,4
116.37083,39.93851,1.01,-0.8,0,0,236.85,0,0,0,2,185,185,89,120,232,152,0,0,0,2,5,4
116.37066,39.9384,1.01,-0.8,0,0,237.27,0,0,0,2,185,185,89,120,232,152,0,0,0,2,5,4
116.37058,39.93834,1.01,-0.8,0,0,237.21,0,0,0,2,185,185,89,120,232,152,0,0,0,2,5,4
116.37049,39.93829,1.01,-0.8,0,0,236.91,0,0,0,2,185,185,89,120,232,153,0,0,0,2,5,4
116.37041,39.93823,1.01,-0.8,0,0,236.62,0,0,0,2,185,185,89,120,232,153,0,0,0,2,5,4
116.37024,39.93812,1.01,-0.8,0,0,236.8,0,0,0,2,185,185,89,120,232,153,0,0,0,2,5,4
116.37016,39.93807,1.01,-0.8,0,0,237.25,0,0,0,2,185,185,89,120,232,153,0,0,0,2,5,4
116.36999,39.93796,1.01,-0.8,0,0,237.78,0,0,0,2,185,185,89,120,232,153,0,0,0,2,5,4
116.3699,39.9379,1.01,-0.8,0,0,238.03,0,0,0,2,185,185,89,120,232,153,0,0,0,2,5,4
116.36973,39.9378,1.01,-0.8,0,0,238.84,0,0,0,2,185,185,89,120,232,153,0,0,0,2,5,4
116.36964,39.93775,1.01,-0.8,0,0,238.92,0,0,0,2,185,185,89,120,232,153,0,0,0,2,5,4
116.36956,39.93769,1.01,-0.8,0,0,238.94,0,0,0,2,185,185,89,120,232,153,0,0,0,2,5,4
116.36947,39.93764,1.01,-0.8,0,0,239.2,0,0,0,2,185,185,89,120,232,153,0,0,0,2,5,4
116.36929,39.93754,1.01,-0.8,0,0,239.52,0,0,0,2,185,185,89,120,232,154,0,0,0,2,5,4
116.36921,39.93749,1.01,-0.8,0,0,239.58,0,0,0,2,185,185,89,120,232,154,0,0,0,2,5,4
116.36917,39.93747,1.01,-0.8,0,0,239.67,0,0,0,2,185,185,89,120,232,154,0,0,0,2,5,4
116.36914,39.93745,1.01,-0.8,0,0,239.78,0,0,0,2,185,185,89,120,232,154,0,0,0,2,5,4
116.36896,39.93735,1.01,-0.8,0,0,240.32,0,0,0,2,185,185,89,120,232,154,0,0,0,2,5,4
116.36888,39.9373,1.01,-0.8,0,0,240.59,0,0,0,2,185,185,89,120,232,154,0,0,0,2,5,4
116.36879,39.93725,1.01,-0.8,0,0,240.86,0,0,0,2,185,185,89,120,232,154,0,0,0,2,5,4
116.3687,39.9372,1.01,-0.8,0,0,241.13,0,0,0,2,185,185,89,120,232,154,0,0,0,2,5,4
116.36852,39.9371,1.01,-0.8,0,0,241.67,0,0,0,2,185,185,89,120,232,154,0,0,0,2,5,4
116.36843,39.93706,1.01,-0.8,0,0,241.94,0,0,0,2,185,185,89,120,232,154,0,0,0,2,5,4
116.36825,39.93696,1.01,-0.8,0,0,242.48,0,0,0,2,185,185,89,120,232,154,0,0,0,2,5,4
116.36817,39.93691,1.01,-0.8,0,0,242.75,0,0,0,2,185,185,89,120,232,154,0,0,0,2,5,4
116.36799,39.93682,1.01,-0.8,0,0,243.29,0,0,0,2,185,185,89,120,232,154,0,0,0,2,5,4
116.36799,39.93682,1.01,-0.8,0,0,243.29,0,0,0,2,185,185,89,120,232,154,0,0,0,2,5,4
116.3678,39.93673,1.01,-0.8,0,0,243.82,0,0,0,2,185,185,89,120,232,154,0,0,0,2,5,4
116.36771,39.93669,1.01,-0.8,0,0,244.09,0,0,0,2,185,185,89,120,232,154,0,0,0,2,5,4
116.36753,39.9366,1.01,-0.8,0,0,244.63,0,0,0,2,185,185,89,120,232,154,0,0,0,2,5,4
116.36744,39.93656,1.01,-0.8,0,0,244.9,0,0,0,2,185,185,89,120,232,155,0,0,0,2,5,4
116.36726,39.93647,1.01,-0.8,0,0,245.44,0,0,0,2,185,185,89,120,232,155,0,0,0,2,5,4
116.36717,39.93643,1.01,-0.8,0,0,245.71,0,0,0,2,185,185,89,120,232,155,0,0,0,2,5,4
116.36707,39.93639,1.01,-0.8,0,0,245.98,0,0,0,2,185,185,89,120,232,155,0,0,0,2,5,4
116.36698,39.93635,1.01,-0.8,0,0,246.25,0,0,0,2,185,185,89,120,232,155,0,0,0,2,5,4
116.3668,39.93627,1.01,-0.8,0,0,246.79,0,0,0,2,185,185,89,120,232,155,0,0,0,2,5,4
116.3667,39.93623,1.01,-0.8,0,0,247.06,0,0,0,2,185,185,89,120,232,155,0,0,0,2,5,4
116.36652,39.93615,1.01,-0.8,0,0,247.6,0,0,0,2,185,185,89,120,232,155,0,0,0,2,5,4
116.36642,39.93611,1.01,-0.8,0,0,247.87,0,0,0,2,185,185,89,120,232,155,0,0,0,2,5,4
116.36624,39.93604,1.01,-0.8,0,0,248.41,0,0,0,2,185,185,89,120,232,155,0,0,0,2,5,4
116.36614,39.936,1.01,-0.8,0,0,248.68,0,0,0,2,185,185,89,120,232,155,0,0,0,2,5,4
116.36595,39.93593,1.01,-0.8,0,0,249.22,0,0,0,2,185,185,89,120,232,155,0,0,0,2,5,4
116.36595,39.93593,1.01,-0.8,0,0,249.22,0,0,0,2,185,185,89,120,232,155,0,0,0,2,5,4
116.36577,39.93586,1.01,-0.8,0,0,249.76,0,0,0,2,185,185,89,120,232,155,0,0,0,2,5,4
116.36567,39.93583,1.01,-0.8,0,0,250.03,0,0,0,2,185,185,89,120,232,154,0,0,0,2,5,4
116.36548,39.93576,1.01,-0.8,0,0,250.57,0,0,0,2,185,185,89,120,232,154,0,0,0,2,5,4
116.36539,39.93572,1.01,-0.8,0,0,250.84,0,0,0,2,185,185,89,120,232,154,0,0,0,2,5,4
116.36519,39.93566,1.01,-0.8,0,0,251.38,0,0,0,2,185,185,89,120,232,154,0,0,0,2,5,4
116.3651,39.93563,1.01,-0.8,0,0,251.65,0,0,0,2,185,185,89,120,232,154,0,0,0,2,5,4
116.36491,39.93556,1.01,-0.8,0,0,252.18,0,0,0,2,185,185,89,120,232,154,0,0,0,2,5,4
116.36481,39.93553,1.01,-0.8,0,0,252.45,0,0,0,2,185,185,89,120,232,154,0,0,0,2,5,4
116.36471,39.9355,1.01,-0.8,0,0,252.72,0,0,0,2,185,185,89,120,232,154,0,0,0,2,5,4
116.36462,39.93547,1.01,-0.8,0,0,252.99,0,0,0,2,185,185,89,120,232,154,0,0,0,2,5,4
116.36442,39.93542,1.01,-0.8,0,0,253.53,0,0,0,2,185,185,89,120,232,154,0,0,0,2,5,4
116.36433,39.93539,1.01,-0.8,0,0,253.8,0,0,0,2,185,185,89,120,232,154,0,0,0,2,5,4
116.36413,39.93533,1.01,-0.8,0,0,254.34,0,0,0,2,185,185,89,120,232,154,0,0,0,2,5,4
116.36404,39.9353,1.01,-0.8,0,0,254.61,0,0,0,2,185,185,89,120,232,154,0,0,0,2,5,4
116.36394,39.93528,1.01,-0.8,0,0,254.88,0,0,0,2,185,185,89,120,232,154,0,0,0,2,5,4
116.36384,39.93525,1.01,-0.8,0,0,255.15,0,0,0,2,185,185,89,120,232,154,0,0,0,2,5,4
116.36365,39.9352,1.01,-0.8,0,0,255.69,0,0,0,2,185,185,89,120,232,154,0,0,0,2,5,4
116.36355,39.93518,1.01,-0.8,0,0,255.96,0,0,0,2,185,185,89,120,232,154,0,0,0,2,5,4
116.36335,39.93513,1.01,-0.8,0,0,256.5,0,0,0,2,185,185,89,120,232,154,0,0,0,2,5,4
116.36325,39.93511,1.01,-0.8,0,0,256.77,0,0,0,2,185,185,89,120,232,154,0,0,0,2,5,4
116.36306,39.93506,1.01,-0.8,0,0,257.31,0,0,0,2,185,185,89,120,232,153,0,0,0,2,5,4
116.36296,39.93504,1.01,-0.8,0,0,257.58,0,0,0,2,185,185,89,120,232,153,0,0,0,2,5,4
116.36286,39.93502,1.01,-0.8,0,0,257.85,0,0,0,2,185,185,89,120,232,153,0,0,0,2,5,4
116.36276,39.935,1.01,-0.8,0,0,258.08,0,0,0,2,185,185,89,120,232,153,0,0,0,2,5,4
116.36256,39.93495,1.01,-0.8,0,0,257.93,0,0,0,2,185,185,252,120,232,153,0,0,0,2,5,4
116.36247,39.93493,1.01,-0.8,0,0,257.97,0,0,0,2,185,185,9,120,232,153,0,0,0,2,5,4
116.36227,39.93489,1.01,-0.8,0,0,258.48,0,0,0,2,185,185,9,120,232,153,0,0,0,2,5,4
116.36217,39.93487,1.01,-0.8,0,0,258.75,0,0,0,2,185,185,9,120,232,153,0,0,0,2,5,4
116.36197,39.93483,1.01,-0.8,0,0,258.87,0,0,0,2,185,185,9,120,232,153,0,0,0,2,5,4
116.36187,39.93481,1.01,-0.8,0,0,258.79,0,0,0,2,185,185,9,120,232,153,0,0,0,2,5,4
116.36177,39.93479,1.01,-0.8,0,0,258.95,0,0,0,2,185,185,9,120,232,153,0,0,0,2,5,4
116.36167,39.93477,1.01,-0.8,0,0,259.22,0,0,0,2,185,185,9,120,232,153,0,0,0,2,5,4
116.36148,39.93474,1.01,-0.8,0,0,259.62,0,0,0,2,185,185,9,120,232,153,0,0,0,2,5,4
116.36138,39.93472,1.01,-0.8,0,0,259.52,0,0,0,2,185,185,9,120,232,153,0,0,0,2,5,4
116.36118,39.93468,1.01,-0.8,0,0,259.69,0,0,0,2,185,185,9,120,232,153,0,0,0,2,5,4
116.36108,39.93467,1.01,-0.8,0,0,260.14,0,0,0,2,185,185,9,120,232,153,0,0,0,2,5,4
116.36088,39.93463,1.01,-0.8,0,0,261.12,0,0,0,2,185,185,9,120,232,152,0,0,0,2,5,4
116.36078,39.93462,1.01,-0.8,0,0,261.25,0,0,0,2,185,185,9,120,232,152,0,0,0,2,5,4
116.36068,39.9346,1.01,-0.8,0,0,261.14,0,0,0,2,185,185,9,120,232,152,0,0,0,2,5,4
116.36058,39.93459,1.01,-0.8,0,0,260.96,0,0,0,2,185,185,9,120,232,152,0,0,0,2,5,4
116.36038,39.93455,1.01,-0.8,0,0,261.24,0,0,0,2,185,185,9,120,232,152,0,0,0,2,5,4
116.36028,39.93454,1.01,-0.8,0,0,261.46,0,0,0,2,185,185,9,120,232,152,0,0,0,2,5,4
116.36018,39.93452,1.01,-0.8,0,0,261.57,0,0,0,2,185,185,9,120,232,152,0,0,0,2,5,4
116.36008,39.93451,1.01,-0.8,0,0,261.44,0,0,0,2,185,185,9,120,232,152,0,0,0,2,5,4
116.35988,39.93448,1.01,-0.8,0,0,260.95,0,0,0,2,185,185,9,120,232,152,0,0,0,2,5,4
116.35978,39.93446,1.01,-0.8,0,0,261.03,0,0,0,2,185,185,9,120,232,152,0,0,0,2,5,4
116.35968,39.93445,1.01,-0.8,0,0,261.36,0,0,0,2,185,185,9,120,232,152,0,0,0,2,5,4
116.35958,39.93443,1.01,-0.8,0,0,261.84,0,0,0,2,185,185,9,120,232,152,0,0,0,2,5,4
116.35938,39.93441,1.01,-0.8,0,0,262.18,0,0,0,2,185,185,9,120,232,152,0,0,0,2,5,4
116.35928,39.93439,1.01,-0.8,0,0,262.25,0,0,0,2,185,185,9,120,232,152,0,0,0,2,5,4
116.35908,39.93436,1.01,-0.8,0,0,262.77,0,0,0,2,185,185,9,120,232,152,0,0,0,2,5,4
116.35898,39.93435,1.01,-0.8,0,0,263.38,0,0,0,2,185,185,9,120,232,152,0,0,0,2,5,4
116.35878,39.93433,1.01,-0.8,0,0,264.14,0,0,0,2,185,185,9,120,232,151,0,0,0,2,5,4
116.35878,39.93433,1.01,-0.8,0,0,264.14,0,0,0,2,185,185,9,120,232,151,0,0,0,2,5,4
116.35858,39.93431,1.01,-0.8,0,0,263.95,0,0,0,2,185,185,9,120,232,151,0,0,0,2,5,4
116.35848,39.9343,1.01,-0.8,0,0,263.89,0,0,0,2,185,185,9,120,232,151,0,0,0,2,5,4
116.35828,39.93428,1.01,-0.8,0,0,264.25,0,0,0,2,185,185,9,120,232,151,0,0,0,2,5,4
116.35818,39.93427,1.01,-0.8,0,0,264.4,0,0,0,2,185,185,9,120,232,151,0,0,0,2,5,4
116.35798,39.93425,1.01,-0.8,0,0,264.04,0,0,0,2,185,185,9,120,232,151,0,0,0,2,5,4
116.35788,39.93424,1.01,-0.8,0,0,263.48,0,0,0,2,185,185,9,120,232,151,0,0,0,2,5,4
116.35778,39.93423,1.01,-0.8,0,0,262.91,0,0,0,2,185,185,9,120,232,151,0,0,0,2,5,4
116.35768,39.93421,1.01,-0.8,0,0,262.58,0,0,0,2,185,185,9,120,232,151,0,0,0,2,5,4
116.35748,39.93419,1.01,-0.8,0,0,262.64,0,0,0,2,185,185,9,120,232,151,0,0,0,2,5,4
116.35738,39.93417,1.01,-0.8,0,0,262.86,0,0,0,2,185,185,9,120,232,151,0,0,0,2,5,4
116.35718,39.93415,1.01,-0.8,0,0,263.08,0,0,0,2,185,185,9,120,232,151,0,0,0,2,5,4
116.35708,39.93414,1.01,-0.8,0,0,262.88,0,0,0,2,185,185,9,120,232,151,0,0,0,2,5,4
116.35688,39.93411,1.01,-0.8,0,0,263,0,0,0,2,185,185,9,120,232,151,0,0,0,2,5,4
116.35678,39.9341,1.01,-0.8,0,0,263.21,0,0,0,2,185,185,9,120,232,151,0,0,0,2,5,4
116.35668,39.93409,1.01,-0.8,0,0,263.17,0,0,0,2,185,185,9,120,232,151,0,0,0,2,5,4
116.35658,39.93408,1.01,-0.8,0,0,263.16,0,0,0,2,185,185,9,120,232,151,0,0,0,2,5,4
116.35638,39.93405,1.01,-0.8,0,0,263.6,0,0,0,2,185,185,9,120,232,151,0,0,0,2,5,4
116.35628,39.93404,1.01,-0.8,0,0,263.57,0,0,0,2,185,185,9,120,232,151,0,0,0,2,5,4
116.35608,39.93402,1.01,-0.8,0,0,263.88,0,0,0,2,185,185,9,120,232,151,0,0,0,2,5,4
116.35598,39.93401,1.01,-0.8,0,0,264.03,0,0,0,2,185,185,9,120,232,151,0,0,0,2,5,4
116.35578,39.93399,1.01,-0.8,0,0,263.68,0,0,0,2,185,185,9,120,232,151,0,0,0,2,5,4
116.35568,39.93398,1.01,-0.8,0,0,263.59,0,0,0,2,185,185,9,120,232,151,0,0,0,2,5,4
116.35548,39.93395,1.01,-0.8,0,0,263.86,0,0,0,2,185,185,9,120,232,150,0,0,0,2,5,4
116.35537,39.93394,1.01,-0.8,0,0,263.96,0,0,0,2,185,185,9,120,232,150,0,0,0,2,5,4
116.35527,39.93393,1.01,-0.8,0,0,263.82,0,0,0,2,185,185,9,120,232,150,0,0,0,2,5,4
116.35517,39.93392,1.01,-0.8,0,0,263.58,0,0,0,2,185,185,9,120,232,150,0,0,0,2,5,4
116.35497,39.9339,1.01,-0.8,0,0,263.71,0,0,0,2,185,185,9,120,232,150,0,0,0,2,5,4
116.35497,39.9338,1.01,-0.8,0,0,263.86,0,0,0,2,185,185,9,120,232,150,0,0,0,2,5,4
116.35467,39.93387,1.01,-0.8,0,0,264.16,0,0,0,2,185,185,9,120,232,150,0,0,0,2,5,4
116.35457,39.93386,1.01,-0.8,0,0,264.3,0,0,0,2,185,185,9,120,232,150,0,0,0,2,5,4
116.35437,39.93384,1.01,-0.8,0,0,264.37,0,0,0,2,185,185,9,120,232,150,0,0,0,2,5,4
116.35427,39.93383,1.01,-0.8,0,0,264.12,0,0,0,2,185,185,9,120,232,150,0,0,0,2,5,4
116.35417,39.93382,1.01,-0.8,0,0,264.03,0,0,0,2,185,185,9,120,232,150,0,0,0,2,5,4
116.35407,39.93381,1.01,-0.8,0,0,264.16,0,0,0,2,185,185,9,120,232,150,0,0,0,2,5,4
116.35387,39.93379,1.01,-0.8,0,0,264.47,0,0,0,2,185,185,9,120,232,150,0,0,0,2,5,4
116.35377,39.93378,1.01,-0.8,0,0,264.39,0,0,0,2,185,185,9,120,232,150,0,0,0,2,5,4
116.35357,39.93376,1.01,-0.8,0,0,263.75,0,0,0,2,185,185,9,120,232,150,0,0,0,2,5,4
116.35347,39.93374,1.01,-0.8,0,0,263.69,0,0,0,2,185,185,9,120,232,150,0,0,0,2,5,4
116.35327,39.93372,1.01,-0.8,0,0,264.28,0,0,0,2,185,185,9,120,232,150,0,0,0,2,5,4
116.35317,39.93371,1.01,-0.8,0,0,264.59,0,0,0,2,185,185,9,120,232,149,0,0,0,2,5,4
116.35307,39.9337,1.01,-0.8,0,0,264.65,0,0,0,2,185,185,9,120,232,149,0,0,0,2,5,4
116.35297,39.93369,1.01,-0.8,0,0,264.47,0,0,0,2,185,185,9,120,232,149,0,0,0,2,5,4
116.35277,39.93367,1.01,-0.8,0,0,263.88,0,0,0,2,185,185,9,120,232,149,0,0,0,2,5,4
116.35266,39.93366,1.01,-0.8,0,0,263.92,0,0,0,2,185,185,9,120,232,149,0,0,0,2,5,4
116.35256,39.93365,1.01,-0.8,0,0,264.06,0,0,0,2,185,185,9,120,232,149,0,0,0,2,5,4
116.35236,39.93363,1.01,-0.8,0,0,263.91,0,0,0,2,185,185,9,120,232,149,0,0,0,2,5,4
116.35216,39.93361,1.01,-0.8,0,0,264.15,0,0,0,2,185,185,9,120,232,149,0,0,0,2,5,4
116.35206,39.9336,1.01,-0.8,0,0,264.07,0,0,0,2,185,185,9,120,232,149,0,0,0,2,5,4
116.35196,39.93359,1.01,-0.8,0,0,263.96,0,0,0,2,185,185,9,120,232,149,0,0,0,2,5,4
116.35186,39.93358,1.01,-0.8,0,0,264.09,0,0,0,2,185,185,9,120,232,149,0,0,0,2,5,4
116.35166,39.93356,1.01,-0.8,0,0,264.17,0,0,0,2,185,185,9,120,232,149,0,0,0,2,5,4
116.35156,39.93355,1.01,-0.8,0,0,263.84,0,0,0,2,185,185,9,120,232,149,0,0,0,2,5,4
116.35136,39.93352,1.01,-0.8,0,0,262.95,0,0,0,2,185,185,9,120,232,149,0,0,0,2,5,4
116.35126,39.93351,1.01,-0.8,0,0,262.84,0,0,0,2,185,185,9,120,232,149,0,0,0,2,5,4
116.35106,39.93349,1.01,-0.8,0,0,263.28,0,0,0,2,185,185,9,120,232,149,0,0,0,2,5,4
116.35096,39.93348,1.01,-0.8,0,0,263.39,0,0,0,2,185,185,9,120,232,149,0,0,0,2,5,4
116.35086,39.93346,1.01,-0.8,0,0,263.36,0,0,0,2,185,185,9,120,232,149,0,0,0,2,5,4
116.35076,39.93345,1.01,-0.8,0,0,263.55,0,0,0,2,185,185,9,120,232,149,0,0,0,2,5,4
116.35056,39.93343,1.01,-0.8,0,0,263.9,0,0,0,2,185,185,9,120,232,149,0,0,0,2,5,4
116.35046,39.93342,1.01,-0.8,0,0,263.73,0,0,0,2,185,185,9,120,232,149,0,0,0,2,5,4
116.35026,39.9334,1.01,-0.8,0,0,263.82,0,0,0,2,185,185,9,120,232,149,0,0,0,2,5,4
116.35016,39.93339,1.01,-0.8,0,0,263.84,0,0,0,2,185,185,9,120,232,149,0,0,0,2,5,4
116.34996,39.93337,1.01,-0.8,0,0,263.64,0,0,0,2,185,185,9,120,232,149,0,0,0,2,5,4
116.34986,39.93335,1.01,-0.8,0,0,263.8,0,0,0,2,185,185,9,120,232,149,0,0,0,2,5,4
116.34976,39.93334,1.01,-0.8,0,0,263.76,0,0,0,2,185,185,9,120,232,149,0,0,0,2,5,4
116.34966,39.93333,1.01,-0.8,0,0,263.55,0,0,0,2,185,185,9,120,232,149,0,0,0,2,5,4
116.34945,39.93331,1.01,-0.8,0,0,263.77,0,0,0,2,185,185,9,120,232,148,0,0,0,2,5,4
116.34935,39.9333,1.01,-0.8,0,0,264.03,0,0,0,2,185,185,9,120,232,148,0,0,0,2,5,4
116.34915,39.93328,1.01,-0.8,0,0,263.95,0,0,0,2,185,185,9,120,232,148,0,0,0,2,5,4
116.3491,39.93327,1.01,-0.8,0,0,263.9,0,0,0,2,185,185,9,120,232,148,0,0,0,2,5,4
116.3491,39.93327,1.01,-0.8,0,0,263.9,0,0,0,2,185,185,9,120,232,148,0,0,0,2,5,4
116.34907,39.93327,1.01,-0.8,0,0,263.88,0,0,0,2,185,185,9,120,232,148,0,0,0,2,5,4
116.34887,39.93325,1.01,-0.8,0,0,264.01,0,0,0,2,185,185,9,120,232,148,0,0,0,2,5,4
116.34877,39.93324,1.01,-0.8,0,0,263.98,0,0,0,2,185,185,9,120,232,148,0,0,0,2,5,4
116.34857,39.93322,1.01,-0.8,0,0,263.17,0,0,0,2,185,185,9,120,232,148,0,0,0,2,5,4
116.34847,39.9332,1.01,-0.8,0,0,262.5,0,0,0,2,185,185,9,120,232,148,0,0,0,2,5,4
116.34827,39.93317,1.01,-0.8,0,0,261.84,0,0,0,2,185,185,9,120,232,148,0,0,0,2,5,4
116.34817,39.93316,1.01,-0.8,0,0,261.85,0,0,0,2,185,185,9,120,232,148,0,0,0,2,5,4
116.34807,39.93315,1.01,-0.8,0,0,261.9,0,0,0,2,185,185,9,120,232,148,0,0,0,2,5,4
116.34797,39.93313,1.01,-0.8,0,0,261.88,0,0,0,2,185,185,9,120,232,148,0,0,0,2,5,4
116.34787,39.93312,1.01,-0.8,0,0,261.44,0,0,0,2,185,185,9,120,232,148,0,0,0,2,5,4
116.34767,39.93309,1.01,-0.8,0,0,261.5,0,0,0,2,185,185,9,120,232,148,0,0,0,2,5,4
116.34747,39.93306,1.01,-0.8,0,0,262.29,0,0,0,2,185,185,9,120,232,148,0,0,0,2,5,4
116.34737,39.93305,1.01,-0.8,0,0,262.57,0,0,0,2,185,185,9,120,232,148,0,0,0,2,5,4
116.34717,39.93302,1.01,-0.8,0,0,262.41,0,0,0,2,185,185,9,120,232,148,0,0,0,2,5,4
116.34707,39.93301,1.01,-0.8,0,0,262.33,0,0,0,2,185,185,9,120,232,148,0,0,0,2,5,4
116.34697,39.93299,1.01,-0.8,0,0,262.4,0,0,0,2,185,185,9,120,232,148,0,0,0,2,5,4
116.34687,39.93298,1.01,-0.8,0,0,262.26,0,0,0,2,185,185,9,120,232,148,0,0,0,2,5,4
116.34667,39.93295,1.01,-0.8,0,0,262.19,0,0,0,2,185,185,9,120,232,148,0,0,0,2,5,4
116.34657,39.93294,1.01,-0.8,0,0,262.52,0,0,0,2,185,185,9,120,232,148,0,0,0,2,5,4
116.34637,39.93291,1.01,-0.8,0,0,262.99,0,0,0,2,185,185,9,120,232,148,0,0,0,2,5,4
116.34627,39.9329,1.01,-0.8,0,0,262.85,0,0,0,2,185,185,9,120,232,148,0,0,0,2,5,4
116.34607,39.93287,1.01,-0.8,0,0,262.17,0,0,0,2,185,185,9,120,232,148,0,0,0,2,5,4
116.34597,39.93286,1.01,-0.8,0,0,262.11,0,0,0,2,185,185,9,120,232,148,0,0,0,2,5,4
116.34587,39.93285,1.01,-0.8,0,0,262.13,0,0,0,2,185,185,9,120,232,148,0,0,0,2,5,4
116.34577,39.93283,1.01,-0.8,0,0,262.15,0,0,0,2,185,185,9,120,232,148,0,0,0,2,5,4
116.34557,39.9328,1.01,-0.8,0,0,261.59,0,0,0,2,185,185,9,120,232,148,0,0,0,2,5,4
116.34547,39.93279,1.01,-0.8,0,0,261.01,0,0,0,2,185,185,9,120,232,148,0,0,0,2,5,4
116.34527,39.93276,1.01,-0.8,0,0,260.49,0,0,0,2,185,185,9,120,232,148,0,0,0,2,5,4
116.34517,39.93274,1.01,-0.8,0,0,260.61,0,0,0,2,185,185,9,120,232,148,0,0,0,2,5,4
116.34498,39.93271,1.01,-0.8,0,0,260.89,0,0,0,2,185,185,9,120,232,148,0,0,0,2,5,4
116.34488,39.93269,1.01,-0.8,0,0,260.82,0,0,0,2,185,185,9,120,232,148,0,0,0,2,5,4
116.34468,39.93266,1.01,-0.8,0,0,261.21,0,0,0,2,185,185,9,120,232,148,0,0,0,2,5,4
116.34458,39.93264,1.01,-0.8,0,0,261.2,0,0,0,2,185,185,9,120,232,148,0,0,0,2,5,4
116.34448,39.93263,1.01,-0.8,0,0,260.97,0,0,0,2,185,185,9,120,232,148,0,0,0,2,5,4
116.34438,39.93261,1.01,-0.8,0,0,260.88,0,0,0,2,185,185,9,120,232,148,0,0,0,2,5,4
116.34418,39.93258,1.01,-0.8,0,0,260.93,0,0,0,2,185,185,9,120,232,148,0,0,0,2,5,4
116.34408,39.93257,1.01,-0.8,0,0,260.7,0,0,0,2,185,185,9,120,232,148,0,0,0,2,5,4
116.34388,39.93253,1.01,-0.8,0,0,260.8,0,0,0,2,185,185,9,120,232,148,0,0,0,2,5,4
116.34378,39.93252,1.01,-0.8,0,0,260.74,0,0,0,2,185,185,9,120,232,148,0,0,0,2,5,4
116.34358,39.93248,1.01,-0.8,0,0,260.55,0,0,0,2,185,185,9,120,232,148,0,0,0,2,5,4
116.34348,39.93247,1.01,-0.8,0,0,260.8,0,0,0,2,185,185,9,120,232,148,0,0,0,2,5,4
116.34338,39.93245,1.01,-0.8,0,0,261.3,0,0,0,2,185,185,9,120,232,147,0,0,0,2,5,4
116.34328,39.93244,1.01,-0.8,0,0,261.73,0,0,0,2,185,185,9,120,232,147,0,0,0,2,5,4
116.34308,39.93241,1.01,-0.8,0,0,261.85,0,0,0,2,185,185,9,120,232,147,0,0,0,2,5,4
116.34298,39.93239,1.01,-0.8,0,0,261.58,0,0,0,2,185,185,9,120,232,147,0,0,0,2,5,4
116.34278,39.93236,1.01,-0.8,0,0,261.5,0,0,0,2,185,185,9,120,232,147,0,0,0,2,5,4
116.34268,39.93235,1.01,-0.8,0,0,261.39,0,0,0,2,185,185,9,120,232,147,0,0,0,2,5,4
116.34248,39.93232,1.01,-0.8,0,0,261.02,0,0,0,2,185,185,9,120,232,147,0,0,0,2,5,4
116.34248,39.93232,1.01,-0.8,0,0,261.02,0,0,0,2,185,185,9,120,232,147,0,0,0,2,5,4
116.34228,39.93229,1.01,-0.8,0,0,261.45,0,0,0,2,185,185,9,120,232,147,0,0,0,2,5,4
116.34218,39.93227,1.01,-0.8,0,0,261.49,0,0,0,2,185,185,9,120,232,147,0,0,0,2,5,4
116.34208,39.93226,1.01,-0.8,0,0,261.37,0,0,0,2,185,185,9,120,232,147,0,0,0,2,5,4
116.34198,39.93224,1.01,-0.8,0,0,261.25,0,0,0,2,185,185,9,120,232,147,0,0,0,2,5,4
116.34179,39.93221,1.01,-0.8,0,0,261.47,0,0,0,2,185,185,9,120,232,147,0,0,0,2,5,4
116.34169,39.9322,1.01,-0.8,0,0,261.68,0,0,0,2,185,185,9,120,232,147,0,0,0,2,5,4
116.34149,39.93217,1.01,-0.8,0,0,261.52,0,0,0,2,185,185,9,120,232,147,0,0,0,2,5,4
116.34139,39.93215,1.01,-0.8,0,0,261.4,0,0,0,2,185,185,9,120,232,147,0,0,0,2,5,4
116.34129,3