116.33499,39.95736,1.01,-0.8,0,0,0,0,0,0,0,9,9,252,100,232,111,0,0,0,0,3,4
116.33499,39.95736,1.01,-0.8,0,0,0,0,0,0,0,9,9,252,100,232,111,0,0,0,0,3,4
116.33499,39.95736,1.01,-0.8,0,0,0,0,0,0,0,9,9,252,100,232,111,0,0,0,0,3,4
116.33499,39.95736,1.01,-0.8,0,0,0,0,0,0,0,9,9,252,100,232,111,0,0,0,0,3,4
116.33499,39.95736,1.01,-0.8,0,0,0,0,0,0,0,9,9,252,100,232,111,0,0,0,0,3,4
116.33499,39.95736,1.01,-0.8,0,0,0,0,0,0,0,9,9,252,100,232,111,0,0,0,0,3,4
116.33499,39.95736,1.01,-0.8,0,0,0,0,0,0,0,9,9,252,100,232,111,0,0,0,0,3,4
116.33499,39.95736,1.01,-0.8,0,0,0,0,0,0,0,9,9,252,100,232,111,0,0,0,0,3,4
116.33499,39.95736,1.01,-0.8,0,0,0,0,0,0,0,9,9,252,100,232,111,0,0,0,0,3,4
116.33499,39.95736,1.01,-0.8,0,0,0,0,0,0,0,9,9,252,100,232,111,0,0,0,0,3,4
116.33499,39.95736,1.01,-0.8,0,0,0,0,0,0,0,9,9,252,100,232,111,0,0,0,0,3,4
116.33499,39.95736,1.01,-0.8,0,0,0,0,0,0,0,9,9,252,100,232,111,0,0,0,0,3,4
116.33499,39.95736,1.01,-0.8,0,0,0,0,0,0,0,9,9,252,100,232,111,0,0,0,0,3,4
116.33499,39.95736,1.01,-0.8,0,0,0,0,0,0,0,9,9,252,100,232,111,0,0,0,0,3,4
116.33499,39.95736,1.01,-0.8,0,0,0.01,0,0,0,0,9,9,252,100,232,111,0,0,0,0,3,4
116.33499,39.95736,1.01,-0.8,0,0,0.01,0,0,0,0,9,9,252,100,232,111,0,0,0,0,3,4
116.33499,39.95736,1.01,-0.8,0,0,0.01,0,0,0,0,9,9,252,100,232,111,0,0,0,0,3,4
116.33499,39.95736,1.01,-0.8,0,0,0.01,0,0,0,0,9,9,252,100,232,111,0,0,0,0,3,4
116.33499,39.95736,1.01,-0.8,0,0,0.01,0,0,0,0,9,9,252,100,232,111,0,0,0,0,3,4
116.33499,39.95736,1.01,-0.8,0,0,0.01,0,0,0,0,9,9,252,100,232,111,0,0,0,0,3,4
116.33499,39.95736,1.01,-0.8,0,0,0.01,0,0,0,0,9,9,252,100,232,111,0,0,0,0,3,4
116.33499,39.95736,1.01,-0.8,0,0,0.01,0,0,0,0,9,9,252,100,232,111,0,0,0,0,3,4
116.33499,39.95736,1.01,-0.8,0,0,0.01,0,0,0,0,9,9,252,100,232,111,0,0,0,0,3,4
116.33499,39.95736,1.01,-0.8,0,0,0.01,0,0,0,0,9,9,252,100,232,111,0,0,0,0,3,4
116.33499,39.95736,1.01,-0.8,0,0,0.01,0,0,0,0,9,9,252,100,232,111,0,0,0,0,3,4
116.33499,39.95736,1.01,-0.8,0,0,0.01,0,0,0,0,9,9,252,100,232,111,0,0,0,0,3,4
116.33499,39.95736,1.01,-0.8,0,0,0.01,0,0,0,0,9,9,252,100,232,111,0,0,0,0,6,4
116.33499,39.95736,1.01,-0.8,0,0,0.01,0,0,0,0,103,103,252,100,232,111,0,0,0,0,6,4
116.33499,39.95736,1.01,-0.8,0,0,0.01,0,0,0,0,103,103,252,100,232,111,0,0,0,0,6,4
116.33499,39.95736,1.01,-0.8,0,0,0.01,0,0,0,0,103,103,252,100,232,111,0,0,0,0,6,4
116.33499,39.95736,1.01,-0.8,0,0,0.01,0,0,0,0,103,103,252,100,232,111,0,0,0,0,6,4
116.33499,39.95736,1.01,-0.8,0,0,0.01,0,0,0,0,252,252,252,100,232,111,0,0,0,0,6,4
116.33499,39.95736,1.01,-0.8,0,0,0.01,0,0,0,0,252,252,252,100,232,111,0,0,0,0,6,4
116.33499,39.95736,1.01,-0.8,0,0,0.01,0,0,0,0,252,252,252,100,232,111,0,0,0,0,6,4
116.33499,39.95736,1.01,-0.8,0,0,0.01,0,0,0,0,252,252,252,100,232,111,0,0,0,0,6,4
116.33499,39.95736,1.01,-0.8,0,0,0.01,0,0,0,0,252,252,252,100,232,111,0,0,0,0,6,4
116.33499,39.95736,1.01,-0.8,0,0,0.01,0,0,0,0,252,252,252,100,232,111,0,0,0,0,6,4
116.33499,39.95736,1.01,-0.8,0,0,0.01,0,0,0,0,252,252,252,100,232,111,0,0,0,0,6,4
116.33499,39.95736,1.01,-0.8,0,0,0.01,0,0,0,0,252,252,252,100,232,111,0,0,0,0,6,4
116.33499,39.95736,1.01,-0.8,0,0,0.01,0,0,0,0,252,252,252,100,232,111,0,0,0,0,6,4
116.33499,39.95736,1.01,-0.8,0,0,0.02,0,0,0,0,252,252,9,100,232,111,0,0,0,0,6,4
116.33499,39.95736,1.01,-0.8,0,0,0.02,0,0,0,0,252,252,9,100,232,111,0,0,0,0,6,4
116.33499,39.95736,1.01,-0.8,0,0,0.02,0,0,0,0,252,252,157,100,232,111,0,0,0,0,6,4
116.33499,39.95736,1.01,-0.8,0,0,0.02,0,0,0,0,252,252,157,100,232,111,0,0,0,0,6,4
116.33499,39.95736,1.01,-0.8,0,0,0.02,0,0,0,0,252,252,157,100,232,111,0,0,0,0,6,4
116.33499,39.95736,1.01,-0.8,0,0,0.02,0,0,0,0,252,252,79,100,232,111,0,0,0,0,6,4
116.33499,39.95736,1.01,-0.8,0,0,0.02,0,0,0,0,252,252,9,100,232,111,0,0,0,0,6,4
116.33499,39.95736,1.01,-0.8,0,0,0.02,0,0,0,0,252,252,252,100,232,111,0,0,0,0,6,4
116.33499,39.95736,1.01,-0.8,0,0,0.02,0,0,0,0,252,252,252,100,232,111,0,0,0,0,6,4
116.33499,39.95736,1.01,-0.8,0,0,0.02,0,0,0,0,252,252,252,100,232,111,0,0,0,0,6,4
116.33499,39.95736,1.01,-0.8,0,0,0.02,0,0,0,0,252,252,252,100,232,111,0,0,0,0,6,4
116.33499,39.95736,1.01,-0.8,0,0,0.02,0,0,0,0,252,252,252,100,232,111,0,0,0,0,6,4
116.33499,39.95736,1.01,-0.8,0,0,0.02,0,0,0,0,252,252,252,100,232,111,0,0,0,0,6,4
116.33499,39.95736,1.01,-0.8,0,0,0.02,0,0,0,0,252,252,9,100,232,111,0,0,0,0,6,4
116.33499,39.95736,1.01,-0.8,0,0,0.02,0,0,0,0,9,9,9,100,232,111,0,0,0,0,6,4
116.33499,39.95736,1.01,-0.8,0,0,0.02,0,0,0,0,252,252,252,100,232,111,0,0,0,0,6,4
116.33499,39.95736,1.01,-0.8,0,0,0.02,0,0,0,0,252,252,204,100,232,111,0,0,0,0,6,4
116.33499,39.95736,1.01,-0.8,0,0,0.02,0,0,0,0,252,252,126,100,232,111,0,0,0,0,6,4
116.33499,39.95736,1.01,-0.8,0,0,0.02,0,0,0,0,252,252,252,100,232,111,0,0,0,0,6,4
116.33499,39.95736,1.01,-0.8,0,0,0.02,0,0,0,0,252,252,206,100,232,111,0,0,0,0,6,4
116.33499,39.95736,1.01,-0.8,0,0,0.02,0,0,0,0,252,252,206,100,232,111,0,0,0,0,6,4
116.33499,39.95736,1.01,-0.8,0,0,0.02,0,0,0,0,252,252,9,100,232,111,0,0,0,0,6,4
116.33499,39.95736,1.01,-0.8,0,0,0.02,0,0,0,0,252,252,181,100,232,111,0,0,0,0,6,4
116.33499,39.95736,1.01,-0.8,0,0,0.02,0,0,0,0,252,252,248,100,232,111,0,0,0,0,6,4
116.33499,39.95736,1.01,-0.8,0,0,0.02,0,0,0,0,252,252,252,100,232,111,0,0,0,0,6,4
116.33499,39.95736,1.01,-0.8,0,0,0.02,0,0,0,0,252,252,252,100,232,111,0,0,0,0,6,4
116.33499,39.95736,1.01,-0.8,0,0,0.02,0,0,0,0,252,252,252,100,232,111,0,0,0,0,6,4
116.33499,39.95736,1.01,-0.8,0,0,0.02,0,0,0,0,252,252,223,100,232,111,0,0,0,0,6,4
116.33499,39.95736,1.01,-0.8,0,0,0.03,0,0,0,0,252,252,252,100,232,111,0,0,0,0,6,4
116.33499,39.95736,1.01,-0.8,0,0,0.03,0,0,0,0,252,252,46,100,232,111,0,0,0,0,6,4
116.33499,39.95736,1.01,-0.8,0,0,0.03,0,0,0,0,252,252,252,100,232,111,0,0,0,0,6,4
116.33499,39.95736,1.01,-0.8,0,0,0.03,0,0,0,0,252,252,252,100,232,111,0,0,0,0,6,4
116.33499,39.95736,1.01,-0.8,0,0,0.03,0,0,0,0,252,252,252,100,232,111,0,0,0,0,6,4
116.33499,39.95736,1.01,-0.8,0,0,0.03,0,0,0,0,252,252,252,100,232,111,0,0,0,0,6,4
116.33499,39.95736,1.01,-0.8,0,0,0.03,0,0,0,0,252,252,252,100,232,111,0,0,0,0,6,4
116.33499,39.95736,1.01,-0.8,0,0,0.03,0,0,0,0,252,252,252,100,232,111,0,0,0,0,6,4
116.33499,39.95736,1.01,-0.8,0,0,0.03,0,0,0,0,252,252,252,100,232,111,0,0,0,0,6,4
116.33499,39.95736,1.01,-0.8,0,0,0.03,0,0,0,0,252,252,252,100,232,111,0,0,0,0,6,4
116.33499,39.95736,1.01,-0.8,0,0,0.03,0,0,0,0,252,252,229,100,232,111,0,0,0,0,6,4
116.33499,39.95736,1.01,-0.8,0,0,0.03,0,0,0,0,252,252,229,100,232,111,0,0,0,0,6,4
116.33499,39.95736,1.01,-0.8,0,0,0.03,0,0,0,0,252,252,229,100,232,111,0,0,0,0,3,4
116.33499,39.95736,1.01,-0.8,0,0,0.03,0,0,0,0,252,252,9,100,232,111,0,0,0,0,3,4
116.33499,39.95736,1.01,-0.8,0,0,0.03,0,0,0,0,252,252,9,100,232,111,0,0,0,0,3,4
116.33499,39.95736,1.01,-0.8,0,0,0.03,0,0,0,0,252,252,39,100,232,111,0,0,0,0,3,4
116.33499,39.95736,1.01,-0.8,0,0,0.03,0,0,0,0,252,252,126,100,232,111,0,0,0,0,3,4
116.33499,39.95736,1.01,-0.8,0,0,0.03,0,0,0,0,252,252,94,100,232,111,0,0,0,0,3,4
116.33499,39.95736,1.01,-0.8,0,0,0.03,0,0,0,0,252,252,9,100,232,111,0,0,0,0,3,4
116.33499,39.95736,1.01,-0.8,0,0,0.03,0,0,0,0,252,252,9,100,232,111,0,0,0,0,3,4
116.33499,39.95736,1.01,-0.8,0,0,0.03,0,0,0,0,252,252,9,100,232,111,0,0,0,0,3,4
116.33499,39.95736,1.01,-0.8,0,0,0.03,0,0,0,0,252,252,9,100,232,111,0,0,0,0,3,4
116.33499,39.95736,1.01,-0.8,0,0,0.03,0,0,0,0,252,252,9,100,232,111,0,0,0,0,3,4
116.33499,39.95736,1.01,-0.8,0,0,0.03,0,0,0,0,252,252,9,100,232,111,0,0,0,0,3,4
116.33499,39.95736,1.01,-0.8,0,0,0.03,0,0,0,0,252,252,252,100,232,111,0,0,0,0,3,4
116.33499,39.95736,1.01,-0.8,0,0,0.03,0,0,0,0,252,252,252,100,232,111,0,0,0,0,3,4
116.33499,39.95736,1.01,-0.8,0,0,0.03,0,0,0,0,252,252,252,100,232,111,0,0,0,0,3,4
116.33499,39.95736,1.01,-0.8,0,0,0.04,0,0,0,0,252,252,252,100,232,111,0,0,0,0,3,4
116.33499,39.95736,1.01,-0.8,0,0,0.04,0,0,0,0,252,252,252,100,232,111,0,0,0,0,6,4
116.33499,39.95736,1.01,-0.8,0,0,0.04,0,0,0,0,252,252,9,100,232,111,0,0,0,0,6,4
116.33499,39.95736,1.01,-0.8,0,0,0.04,0,0,0,0,252,252,9,100,232,111,0,0,0,0,6,4
116.33499,39.95736,1.01,-0.8,0,0,0.04,0,0,0,0,252,252,252,100,232,111,0,0,0,0,6,4
116.33499,39.95736,1.01,-0.8,0,0,0.04,0,0,0,0,252,252,231,100,232,111,0,0,0,0,6,4
116.33499,39.95736,1.01,-0.8,0,0,0.04,0,0,0,0,252,252,9,100,232,111,0,0,0,0,6,4
116.33499,39.95736,1.01,-0.8,0,0,0.04,0,0,0,0,252,252,143,100,232,111,0,0,0,0,6,4
116.33499,39.95736,1.01,-0.8,0,0,0.04,0,0,0,0,252,252,11,100,232,111,0,0,0,0,6,4
116.33499,39.95736,1.01,-0.8,0,0,0.04,0,0,0,0,252,252,11,100,232,111,0,0,0,0,6,4
116.33499,39.95736,1.01,-0.8,0,0,0.04,0,0,0,0,252,252,11,100,232,111,0,0,0,0,6,4
116.33499,39.95736,1.01,-0.8,0,0,0.04,0,0,0,0,252,252,11,100,232,111,0,0,0,0,6,4
116.33499,39.95736,1.01,-0.8,0,0,0.04,0,0,0,0,252,252,11,100,232,111,0,0,0,0,6,4
116.33499,39.95736,1.01,-0.8,0,0,0.04,0,0,0,0,252,252,11,100,232,111,0,0,0,3,5,4
116.33499,39.95736,1.01,-0.8,0,0,0.04,0,0,0,0,252,252,11,100,232,111,0,0,0,3,5,4
116.33499,39.95736,1.01,-0.8,0,0,0.04,0,0,0,0,252,252,11,100,232,111,0,0,0,3,5,4
116.33499,39.95736,1.01,-0.8,0,0,0.04,0,0,0,0,252,252,11,100,232,111,0,0,0,3,5,4
116.33499,39.95736,1.01,-0.8,0,0,0.04,0,0,0,0,252,252,9,100,232,111,0,0,0,3,5,4
116.33499,39.95736,1.01,-0.8,0,0,0.04,0,0,0,0,252,252,9,100,232,111,0,0,0,3,5,4
116.33499,39.95736,1.01,-0.8,0,0,0.04,0,0,0,0,252,252,113,100,232,111,0,0,0,3,5,4
116.33499,39.95736,1.01,-0.8,0,0,0.04,0,0,0,0,252,252,129,100,232,111,0,0,0,3,5,4
116.33499,39.95736,1.01,-0.8,0,0,0.04,0,0,0,0,252,252,49,100,232,111,0,0,0,3,5,4
116.33499,39.95736,1.01,-0.8,0,0,0.04,0,0,0,0,252,252,49,100,232,111,0,0,0,3,5,4
116.33499,39.95736,1.01,-0.8,0,0,0.04,0,0,0,0,252,252,49,100,232,111,0,0,0,3,5,4
116.33499,39.95736,1.01,-0.8,0,0,0.04,0,0,0,0,252,252,49,100,232,111,0,0,0,3,5,4
116.33499,39.95736,1.01,-0.8,0,0,0.04,0,0,0,0,252,252,49,100,232,111,0,0,0,3,5,4
116.33499,39.95736,1.01,-0.8,0,0,0.05,0,0,0,0,252,252,49,100,232,111,0,0,0,3,5,4
116.33499,39.95736,1.01,-0.8,0,0,0.05,0,0,0,0,252,252,49,100,232,111,0,0,0,3,5,4
116.33499,39.95736,1.01,-0.8,0,0,0.05,0,0,0,0,252,252,49,100,232,111,0,0,0,3,5,4
116.33499,39.95736,1.01,-0.8,0,0,0.05,0,0,0,0,252,252,49,100,232,111,0,0,0,3,5,4
116.33499,39.95736,1.01,-0.8,0,0,0.05,0,0,0,0,252,252,49,100,232,111,0,0,0,3,5,4
116.33499,39.95736,1.01,-0.8,0,0,0.05,0,0,0,0,252,252,191,100,232,111,0,0,0,3,5,4
116.33499,39.95736,1.01,-0.8,0,0,0.05,0,0,0,0,252,252,191,100,232,111,0,0,0,3,5,4
116.33499,39.95736,1.01,-0.8,0,0,0.05,0,0,0,0,252,252,191,100,232,111,0,0,0,3,5,4
116.33499,39.95736,1.01,-0.8,0,0,0.05,0,0,0,0,252,252,191,100,232,111,0,0,0,3,5,4
116.33499,39.95736,1.01,-0.8,0,0,0.05,0,0,0,0,252,252,191,100,232,111,0,0,0,3,5,4
116.33499,39.95736,1.01,-0.8,0,0,0.05,0,0,0,0,252,252,191,100,232,111,0,0,0,3,5,4
116.33499,39.95736,1.01,-0.8,0,0,0.05,0,0,0,0,252,252,9,100,232,111,0,0,0,3,5,4
116.33499,39.95736,1.01,-0.8,0,0,0.05,0,0,0,0,252,252,9,100,232,111,0,0,0,3,5,4
116.33499,39.95736,1.01,-0.8,0,0,0.05,0,0,0,0,252,252,9,100,232,111,0,0,0,3,6,4
116.33499,39.95736,1.01,-0.8,0,0,0.05,0,0,0,0,252,252,9,100,232,111,0,0,0,3,6,4
116.33499,39.95736,1.01,-0.8,0,0,0.05,0,0,0,0,252,252,9,100,232,111,0,0,0,3,6,4
116.33499,39.95736,1.01,-0.8,0,0,0.05,0,0,0,0,252,252,9,100,232,111,0,0,0,3,6,4
116.33499,39.95736,1.01,-0.8,0,0,0.05,0,0,0,0,252,252,9,100,232,111,0,0,0,3,6,4
116.33499,39.95736,1.01,-0.8,0,0,0.05,0,0,0,0,252,252,9,100,232,111,0,0,0,3,6,4
116.33499,39.95736,1.01,-0.8,0,0,0.05,0,0,0,0,252,252,9,100,232,111,0,0,0,3,6,4
116.33499,39.95736,1.01,-0.8,0,0,0.05,0,0,0,0,252,252,9,100,232,111,0,0,0,3,6,4
116.33499,39.95736,1.01,-0.8,0,0,0.05,0,0,0,0,252,252,9,100,232,111,0,0,0,3,6,4
116.33499,39.95736,1.01,-0.8,0,0,0.05,0,0,0,0,252,252,9,100,232,111,0,0,0,3,6,4
116.33499,39.95736,1.01,-0.8,0,0,0.05,0,0,0,0,252,252,9,100,232,111,0,0,0,3,6,4
116.33499,39.95736,1.01,-0.8,0,0,0.05,0,0,0,0,252,252,9,100,232,111,0,0,0,3,6,4
116.33499,39.95736,1.01,-0.8,0,0,0.05,0,0,0,0,252,252,9,200,232,111,0,0,0,3,5,4
116.33499,39.95736,1.01,-0.8,0,0,0.05,0,0,0,0,252,252,9,200,232,111,0,0,0,3,5,4
116.33489,39.95812,1.01,-0.8,0,0,-308.51,0,0,0,0,252,252,9,200,232,111,0,0,0,3,5,4
116.33473,39.95863,1.01,-0.8,0,0,-317.62,0,0,0,0,252,252,9,200,232,111,0,0,0,3,5,4
116.33416,39.95954,1.01,-0.8,0,0,319.52,0,0,0,0,252,252,9,200,232,111,0,0,0,3,5,4
116.33378,39.95991,1.01,-0.8,0,0,310.41,0,0,0,0,252,252,9,200,232,111,0,0,0,3,5,4
116.33287,39.96046,1.01,-0.8,0,0,292.19,0,0,0,0,252,252,9,200,232,111,0,0,0,3,5,4
116.33235,39.96062,1.01,-0.8,0,0,283.08,0,0,0,0,252,252,9,200,232,111,0,0,0,3,5,4
116.33182,39.96069,1.01,-0.8,0,0,273.97,0,0,0,0,252,252,9,100,232,111,0,0,0,3,6,4
116.33134,39.96069,1.01,-0.8,0,0,265.77,0,0,0,0,252,252,9,100,232,111,0,0,0,3,6,4
116.33132,39.96069,1.01,-0.8,0,0,265.31,0,0,0,0,252,252,130,100,232,111,0,0,0,3,6,4
116.33132,39.96069,1.01,-0.8,0,0,265.31,0,0,0,0,252,252,9,100,232,111,0,0,0,3,6,4
116.33132,39.96069,1.01,-0.8,0,0,265.31,0,0,0,0,252,252,9,100,232,111,0,0,0,3,6,4
116.33132,39.96069,1.01,-0.8,0,0,265.31,0,0,0,0,252,252,9,100,232,111,0,0,0,3,6,4
116.33132,39.96069,1.01,-0.8,0,0,265.31,0,0,0,0,252,252,9,100,232,111,0,0,0,3,6,4
116.33132,39.96069,1.01,-0.8,0,0,265.31,0,0,0,0,252,252,9,100,232,111,0,0,0,3,6,4
116.33132,39.96069,1.01,-0.8,0,0,265.31,0,0,0,0,252,252,27,100,232,111,0,0,0,3,6,4
116.33132,39.96069,1.01,-0.8,0,0,265.31,0,0,0,0,252,252,209,100,232,111,0,0,0,3,6,4
116.33132,39.96069,1.01,-0.8,0,0,265.31,0,0,0,0,252,252,209,100,232,111,0,0,0,3,6,4
116.33132,39.96069,1.01,-0.8,0,0,265.31,0,0,0,0,252,252,209,100,232,111,0,0,0,3,6,4
116.33132,39.96069,1.01,-0.8,0,0,265.32,0,0,0,0,252,252,209,100,232,111,0,0,0,3,6,4
116.33132,39.96069,1.01,-0.8,0,0,265.32,0,0,0,0,252,252,209,100,232,111,0,0,0,3,6,4
116.33132,39.96069,1.01,-0.8,0,0,265.32,0,0,0,0,252,252,209,100,232,111,0,0,0,3,6,4
116.33132,39.96069,1.01,-0.8,0,0,265.32,0,0,0,0,252,252,209,100,232,111,0,0,0,3,6,4
116.33132,39.96069,1.01,-0.8,0,0,265.32,0,0,0,0,252,252,209,100,232,111,0,0,0,3,6,4
116.33132,39.96069,1.01,-0.8,0,0,265.32,0,0,0,0,252,252,209,100,232,111,0,0,0,3,6,4
116.33132,39.96069,1.01,-0.8,0,0,265.32,0,0,0,0,252,252,209,100,232,111,0,0,0,3,6,4
116.33132,39.96069,1.01,-0.8,0,0,265.32,0,0,0,0,252,252,209,100,232,111,0,0,0,3,6,4
116.33132,39.96069,1.01,-0.8,0,0,265.32,0,0,0,0,252,252,209,100,232,111,0,0,0,3,6,4
116.33132,39.96069,1.01,-0.8,0,0,265.32,0,0,0,0,252,252,209,100,232,111,0,0,0,3,6,4
116.33132,39.96069,1.01,-0.8,0,0,265.32,0,0,0,0,252,252,209,100,232,111,0,0,0,3,6,4
116.33132,39.96069,1.01,-0.8,0,0,265.32,0,0,0,0,252,252,209,100,232,111,0,0,0,3,6,4
116.33132,39.96069,1.01,-0.8,0,0,265.32,0,0,0,0,252,252,209,100,232,111,0,0,0,3,6,4
116.33132,39.96069,1.01,-0.8,0,0,265.32,0,0,0,0,252,252,209,100,232,111,0,0,0,3,6,4
116.33132,39.96069,1.01,-0.8,0,0,265.32,0,0,0,0,252,252,209,100,232,111,0,0,0,3,6,4
116.33132,39.96069,1.01,-0.8,0,0,265.32,0,0,0,0,252,252,209,100,232,111,0,0,0,3,6,4
116.33125,39.96068,1.01,-0.8,0,0,264.15,0,0,0,0,252,252,209,100,232,111,0,0,0,0,6,4
116.33075,39.96059,1.01,-0.8,0,0,255.45,0,0,0,0,252,252,209,100,232,111,0,0,0,0,6,4
116.33063,39.96055,1.01,-0.8,0,0,253.41,0,0,0,0,252,252,209,100,232,111,0,0,0,0,6,4
116.33063,39.96055,1.01,-0.8,0,0,253.41,0,0,0,0,252,252,252,100,232,111,0,0,0,0,6,4
116.33063,39.96055,1.01,-0.8,0,0,253.41,0,0,0,0,252,252,252,100,232,111,0,0,0,0,6,4
116.33063,39.96055,1.01,-0.8,0,0,253.41,0,0,0,0,252,252,252,100,232,111,0,0,0,0,6,4
116.33063,39.96055,1.01,-0.8,0,0,253.41,0,0,0,0,252,252,252,100,232,111,0,0,0,0,6,4
116.33063,39.96055,1.01,-0.8,0,0,253.41,0,0,0,0,252,252,252,100,232,111,0,0,0,0,6,4
116.33063,39.96055,1.01,-0.8,0,0,253.41,0,0,0,0,252,252,252,100,232,111,0,0,0,0,6,4
116.33063,39.96055,1.01,-0.8,0,0,253.41,0,0,0,0,252,252,252,100,232,111,0,0,0,0,6,4
116.33063,39.96055,1.01,-0.8,0,0,253.41,0,0,0,0,252,252,252,100,232,111,0,0,0,0,6,4
116.33063,39.96055,1.01,-0.8,0,0,253.41,0,0,0,0,252,252,252,100,232,111,0,0,0,0,6,4
116.33063,39.96055,1.01,-0.8,0,0,253.41,0,0,0,0,252,252,252,100,232,111,0,0,0,0,6,4
116.33063,39.96055,1.01,-0.8,0,0,253.42,0,0,0,0,252,252,252,100,232,111,0,0,0,0,6,4
116.33063,39.96055,1.01,-0.8,0,0,253.42,0,0,0,0,252,252,252,100,232,111,0,0,0,0,6,4
116.33063,39.96055,1.01,-0.8,0,0,253.42,0,0,0,0,252,252,252,100,232,111,0,0,0,0,6,4
116.33063,39.96055,1.01,-0.8,0,0,253.42,0,0,0,0,252,252,252,100,232,111,0,0,0,0,6,4
116.33063,39.96055,1.01,-0.8,0,0,253.42,0,0,0,0,252,252,252,100,232,111,0,0,0,0,6,4
116.33063,39.96055,1.01,-0.8,0,0,253.42,0,0,0,0,252,252,252,100,232,111,0,0,0,0,6,4
116.33063,39.96055,1.01,-0.8,0,0,253.42,0,0,0,0,252,252,252,100,232,111,0,0,0,0,6,4
116.33063,39.96055,1.01,-0.8,0,0,253.42,0,0,0,0,252,252,252,100,232,111,0,0,0,0,6,4
116.33063,39.96055,1.01,-0.8,0,0,253.42,0,0,0,0,252,252,252,100,232,111,0,0,0,0,6,4
116.33063,39.96055,1.01,-0.8,0,0,253.42,0,0,0,0,252,252,252,100,232,111,0,0,0,0,6,4
116.33063,39.96055,1.01,-0.8,0,0,253.42,0,0,0,0,252,252,252,100,232,111,0,0,0,0,6,4
116.33063,39.96055,1.01,-0.8,0,0,253.42,0,0,0,0,252,252,252,100,232,111,0,0,0,0,6,4
116.33063,39.96055,1.01,-0.8,0,0,253.42,0,0,0,0,252,252,252,100,232,111,0,0,0,0,6,4
116.33063,39.96055,1.01,-0.8,0,0,253.42,0,0,0,0,252,252,252,100,232,111,0,0,0,0,6,4
116.33063,39.96055,1.01,-0.8,0,0,253.42,0,0,0,0,252,252,252,100,232,111,0,0,0,0,6,4
116.33063,39.96055,1.01,-0.8,0,0,253.42,0,0,0,0,252,252,252,100,232,111,0,0,0,0,6,4
116.33063,39.96055,1.01,-0.8,0,0,253.42,0,0,0,0,252,252,252,100,232,111,0,0,0,0,6,4
116.33063,39.96055,1.01,-0.8,0,0,253.42,0,0,0,0,252,252,252,100,232,111,0,0,0,0,6,4
116.33063,39.96055,1.01,-0.8,0,0,253.42,0,0,0,0,252,252,252,100,232,111,0,0,0,0,6,4
116.33063,39.96055,1.01,-0.8,0,0,253.42,0,0,0,0,252,252,252,100,232,111,0,0,0,0,6,4
116.33063,39.96055,1.01,-0.8,0,0,253.42,0,0,0,0,252,252,252,100,232,111,0,0,0,0,6,4
116.33063,39.96055,1.01,-0.8,0,0,253.42,0,0,0,0,252,252,252,100,232,111,0,0,0,0,6,4
116.33063,39.96055,1.01,-0.8,0,0,253.42,0,0,0,0,252,252,252,100,232,111,0,0,0,0,6,4
116.33063,39.96055,1.01,-0.8,0,0,253.42,0,0,0,0,252,252,252,100,232,111,0,0,0,0,6,4
116.33063,39.96055,1.01,-0.8,0,0,253.42,0,0,0,0,252,252,252,100,232,111,0,0,0,0,6,4
116.33063,39.96055,1.01,-0.8,0,0,253.42,0,0,0,0,252,252,252,100,232,111,0,0,0,0,6,4
116.33063,39.96055,1.01,-0.8,0,0,253.42,0,0,0,0,252,252,252,100,232,111,0,0,0,0,6,4
116.33063,39.96055,1.01,-0.8,0,0,253.42,0,0,0,0,252,252,252,100,232,111,0,0,0,0,6,4
116.33063,39.96055,1.01,-0.8,0,0,253.43,0,0,0,0,252,252,252,100,232,111,0,0,0,0,6,4
116.33063,39.96055,1.01,-0.8,0,0,253.43,0,0,0,0,252,252,252,100,232,111,0,0,0,0,6,4
116.33063,39.96055,1.01,-0.8,0,0,253.43,0,0,0,0,252,252,252,100,232,111,0,0,0,0,6,4
116.33063,39.96055,1.01,-0.8,0,0,253.43,0,0,0,0,252,252,252,100,232,111,0,0,0,0,6,4
116.33063,39.96055,1.01,-0.8,0,0,253.43,0,0,0,0,252,252,252,100,232,111,0,0,0,0,6,4
116.33063,39.96055,1.01,-0.8,0,0,253.43,0,0,0,0,252,252,252,100,232,111,0,0,0,0,6,4
116.33063,39.96055,1.01,-0.8,0,0,253.43,0,0,0,0,252,252,252,100,232,111,0,0,0,0,6,4
116.33063,39.96055,1.01,-0.8,0,0,253.43,0,0,0,0,252,252,252,100,232,111,0,0,0,0,6,4
116.33063,39.96055,1.01,-0.8,0,0,253.43,0,0,0,0,252,252,252,100,232,111,0,0,0,0,6,4
116.33063,39.96055,1.01,-0.8,0,0,253.43,0,0,0,0,252,252,252,100,232,111,0,0,0,0,6,4
116.33063,39.96055,1.01,-0.8,0,0,253.43,0,0,0,0,252,252,252,100,232,111,0,0,0,0,6,4
116.33063,39.96055,1.01,-0.8,0,0,253.43,0,0,0,0,252,252,252,100,232,111,0,0,0,0,6,4
116.33063,39.96055,1.01,-0.8,0,0,253.43,0,0,0,0,252,252,252,100,232,111,0,0,0,0,6,4
116.33063,39.96055,1.01,-0.8,0,0,253.43,0,0,0,0,252,252,252,100,232,111,0,0,0,0,6,4
116.33063,39.96055,1.01,-0.8,0,0,253.43,0,0,0,0,252,252,252,100,232,111,0,0,0,0,6,4
116.33063,39.96055,1.01,-0.8,0,0,253.43,0,0,0,0,252,252,252,100,232,111,0,0,0,0,6,4
116.33063,39.96055,1.01,-0.8,0,0,253.43,0,0,0,0,252,252,252,100,232,111,0,0,0,0,6,4
116.33063,39.96055,1.01,-0.8,0,0,253.43,0,0,0,0,252,252,252,100,232,111,0,0,0,0,6,4
116.33063,39.96055,1.01,-0.8,0,0,253.43,0,0,0,0,252,252,252,100,232,111,0,0,0,0,6,4
116.33063,39.96055,1.01,-0.8,0,0,253.43,0,0,0,0,252,252,252,100,232,111,0,0,0,0,6,4
116.33063,39.96055,1.01,-0.8,0,0,253.43,0,0,0,0,252,252,252,100,232,111,0,0,0,0,6,4
116.33063,39.96055,1.01,-0.8,0,0,253.43,0,0,0,0,252,252,252,100,232,111,0,0,0,0,6,4
116.33063,39.96055,1.01,-0.8,0,0,253.43,0,0,0,0,252,252,252,100,232,111,0,0,0,0,6,4
116.33063,39.96055,1.01,-0.8,0,0,253.43,0,0,0,0,252,252,252,100,232,111,0,0,0,0,6,4
116.33063,39.96055,1.01,-0.8,0,0,253.43,0,0,0,0,252,252,252,100,232,111,0,0,0,0,6,4
116.33063,39.96055,1.01,-0.8,0,0,253.43,0,0,0,0,252,252,252,100,232,111,0,0,0,0,6,4
116.33063,39.96055,1.01,-0.8,0,0,253.43,0,0,0,0,252,252,252,100,232,111,0,0,0,0,6,4
116.33063,39.96055,1.01,-0.8,0,0,253.44,0,0,0,0,252,252,252,100,232,111,0,0,0,0,6,4
116.33063,39.96055,1.01,-0.8,0,0,253.44,0,0,0,0,252,252,252,100,232,111,0,0,0,0,6,4
116.33063,39.96055,1.01,-0.8,0,0,253.44,0,0,0,0,252,252,252,100,232,111,0,0,0,0,6,4
116.33063,39.96055,1.01,-0.8,0,0,253.44,0,0,0,0,252,252,252,100,232,111,0,0,0,0,6,4
116.33063,39.96055,1.01,-0.8,0,0,253.44,0,0,0,0,252,252,252,100,232,111,0,0,0,0,6,4
116.33063,39.96055,1.01,-0.8,0,0,253.44,0,0,0,0,252,252,252,100,232,111,0,0,0,0,6,4
116.33063,39.96055,1.01,-0.8,0,0,253.44,0,0,0,0,252,252,252,100,232,111,0,0,0,0,6,4
116.33063,39.96055,1.01,-0.8,0,0,253.44,0,0,0,0,252,252,252,100,232,111,0,0,0,0,6,4
116.33063,39.96055,1.01,-0.8,0,0,253.44,0,0,0,0,252,252,252,100,232,111,0,0,0,0,6,4
116.33063,39.96055,1.01,-0.8,0,0,253.44,0,0,0,0,252,252,252,100,232,111,0,0,0,0,6,4
116.33063,39.96055,1.01,-0.8,0,0,253.44,0,0,0,0,252,252,252,100,232,111,0,0,0,0,6,4
116.33063,39.96055,1.01,-0.8,0,0,253.44,0,0,0,0,252,252,252,100,232,111,0,0,0,0,6,4
116.33063,39.96055,1.01,-0.8,0,0,253.44,0,0,0,0,252,252,252,100,232,111,0,0,0,0,6,4
116.33063,39.96055,1.01,-0.8,0,0,253.44,0,0,0,0,252,252,252,100,232,111,0,0,0,0,6,4
116.33063,39.96055,1.01,-0.8,0,0,253.44,0,0,0,0,252,252,252,100,232,111,0,0,0,0,6,4
116.33063,39.96055,1.01,-0.8,0,0,253.44,0,0,0,0,252,252,252,100,232,111,0,0,0,0,6,4
116.33063,39.96055,1.01,-0.8,0,0,253.44,0,0,0,0,252,252,252,100,232,111,0,0,0,0,6,4
116.33063,39.96055,1.01,-0.8,0,0,253.44,0,0,0,0,252,252,252,100,232,111,0,0,0,0,6,4
116.33063,39.96055,1.01,-0.8,0,0,253.44,0,0,0,0,252,252,252,100,232,111,0,0,0,0,6,4
116.33063,39.96055,1.01,-0.8,0,0,253.44,0,0,0,0,252,252,252,100,232,111,0,0,0,0,6,4
116.33063,39.96055,1.01,-0.8,0,0,253.44,0,0,0,0,252,252,252,100,232,111,0,0,0,0,6,4
116.33063,39.96055,1.01,-0.8,0,0,253.44,0,0,0,0,252,252,252,100,232,111,0,0,0,0,6,4
116.33063,39.96055,1.01,-0.8,0,0,253.44,0,0,0,0,252,252,252,100,232,111,0,0,0,0,6,4
116.33063,39.96055,1.01,-0.8,0,0,253.44,0,0,0,0,252,252,252,100,232,111,0,0,0,0,6,4
116.33063,39.96055,1.01,-0.8,0,0,253.44,0,0,0,0,252,252,252,100,232,111,0,0,0,0,6,4
116.33063,39.96055,1.01,-0.8,0,0,253.44,0,0,0,0,252,252,252,100,232,111,0,0,0,0,6,4
116.33063,39.96055,1.01,-0.8,0,0,253.44,0,0,0,0,252,252,252,100,232,111,0,0,0,0,6,4
116.33063,39.96055,1.01,-0.8,0,0,253.45,0,0,0,0,252,252,252,100,232,111,0,0,0,0,6,4
116.33063,39.96055,1.01,-0.8,0,0,253.45,0,0,0,0,252,252,252,100,232,111,0,0,0,0,6,4
116.33063,39.96055,1.01,-0.8,0,0,253.45,0,0,0,0,252,252,252,100,232,111,0,0,0,0,6,4
116.33063,39.96055,1.01,-0.8,0,0,253.45,0,0,0,0,252,252,252,100,232,111,0,0,0,0,6,4
116.33063,39.96055,1.01,-0.8,0,0,253.45,0,0,0,0,252,252,252,100,232,111,0,0,0,0,6,4
116.33063,39.96055,1.01,-0.8,0,0,253.45,0,0,0,0,252,252,252,100,232,111,0,0,0,0,6,4
116.33063,39.96055,1.01,-0.8,0,0,253.45,0,0,0,0,252,252,252,100,232,111,0,0,0,0,6,4
116.33063,39.96055,1.01,-0.8,0,0,253.45,0,0,0,0,252,252,252,100,232,111,0,0,0,0,6,4
116.33063,39.96055,1.01,-0.8,0,0,253.45,0,0,0,0,252,252,252,100,232,111,0,0,0,0,6,4
116.33063,39.96055,1.01,-0.8,0,0,253.45,0,0,0,0,252,252,252,100,232,111,0,0,0,0,6,4
116.33063,39.96055,1.01,-0.8,0,0,253.45,0,0,0,0,252,252,252,100,232,111,0,0,0,0,6,4
116.33063,39.96055,1.01,-0.8,0,0,253.45,0,0,0,0,252,252,252,100,232,111,0,0,0,0,6,4
116.33063,39.96055,1.01,-0.8,0,0,253.45,0,0,0,0,252,252,252,100,232,111,0,0,0,0,6,4
116.33063,39.96055,1.01,-0.8,0,0,253.45,0,0,0,0,252,252,252,100,232,111,0,0,0,0,6,4
116.33063,39.96055,1.01,-0.8,0,0,253.45,0,0,0,0,252,252,252,100,232,111,0,0,0,0,6,4
116.33063,39.96055,1.01,-0.8,0,0,253.45,0,0,0,0,252,252,252,100,232,111,0,0,0,0,6,4
116.33063,39.96055,1.01,-0.8,0,0,253.45,0,0,0,0,252,252,252,100,232,111,0,0,0,0,6,4
116.33063,39.96055,1.01,-0.8,0,0,253.45,0,0,0,0,252,252,252,100,232,111,0,0,0,0,6,4
116.33063,39.96055,1.01,-0.8,0,0,253.45,0,0,0,0,252,252,252,100,232,111,0,0,0,0,6,4
116.33063,39.96055,1.01,-0.8,0,0,253.45,0,0,0,0,252,252,252,100,232,111,0,0,0,0,6,4
116.33063,39.96055,1.01,-0.8,0,0,253.45,0,0,0,0,252,252,252,100,232,111,0,0,0,0,6,4
116.33063,39.96055,1.01,-0.8,0,0,253.45,0,0,0,0,252,252,252,100,232,111,0,0,0,0,6,4
116.33063,39.96055,1.01,-0.8,0,0,253.45,0,0,0,0,252,252,252,100,232,111,0,0,0,0,6,4
116.33063,39.96055,1.01,-0.8,0,0,253.45,0,0,0,0,252,252,252,100,232,111,0,0,0,0,6,4
116.33063,39.96055,1.01,-0.8,0,0,253.45,0,0,0,0,252,252,252,100,232,111,0,0,0,0,6,4
116.33063,39.96055,1.01,-0.8,0,0,253.45,0,0,0,0,252,252,252,100,232,111,0,0,0,0,6,4
116.33063,39.96055,1.01,-0.8,0,0,253.45,0,0,0,0,252,252,252,100,232,111,0,0,0,0,6,4
116.33063,39.96055,1.01,-0.8,0,0,253.46,0,0,0,0,252,252,252,100,232,111,0,0,0,0,6,4
116.33063,39.96055,1.01,-0.8,0,0,253.46,0,0,0,0,252,252,252,100,232,111,0,0,0,0,6,4
116.33063,39.96055,1.01,-0.8,0,0,253.46,0,0,0,0,252,252,252,100,232,111,0,0,0,0,6,4
116.33063,39.96055,1.01,-0.8,0,0,253.46,0,0,0,0,252,252,252,100,232,111,0,0,0,0,6,4
116.33063,39.96055,1.01,-0.8,0,0,253.46,0,0,0,0,252,252,252,100,232,111,0,0,0,0,6,4
116.33063,39.96055,1.01,-0.8,0,0,253.46,0,0,0,0,252,252,252,100,232,111,0,0,0,0,6,4
116.33063,39.96055,1.01,-0.8,0,0,253.46,0,0,0,0,252,252,252,100,232,111,0,0,0,0,6,4
116.33063,39.96055,1.01,-0.8,0,0,253.46,0,0,0,0,252,252,252,100,232,111,0,0,0,0,6,4
116.33063,39.96055,1.01,-0.8,0,0,253.46,0,0,0,0,252,252,252,100,232,111,0,0,0,0,6,4
116.33063,39.96055,1.01,-0.8,0,0,253.46,0,0,0,0,252,252,252,100,232,111,0,0,0,0,6,4
116.33063,39.96055,1.01,-0.8,0,0,253.46,0,0,0,0,252,252,252,100,232,111,0,0,0,0,6,4
116.33063,39.96055,1.01,-0.8,0,0,253.46,0,0,0,0,252,252,252,100,232,111,0,0,0,0,6,4
116.33063,39.96055,1.01,-0.8,0,0,253.46,0,0,0,0,252,252,252,100,232,111,0,0,0,0,6,4
116.33063,39.96055,1.01,-0.8,0,0,253.46,0,0,0,0,252,252,252,100,232,111,0,0,0,0,6,4
116.33063,39.96055,1.01,-0.8,0,0,253.46,0,0,0,0,252,252,252,100,232,111,0,0,0,0,6,4
116.33063,39.96055,1.01,-0.8,0,0,253.46,0,0,0,0,252,252,252,100,232,111,0,0,0,0,6,4
116.33063,39.96055,1.01,-0.8,0,0,253.46,0,0,0,0,252,252,252,100,232,111,0,0,0,0,6,4
116.33063,39.96055,1.01,-0.8,0,0,253.46,0,0,0,0,252,252,252,100,232,111,0,0,0,0,6,4
116.33063,39.96055,1.01,-0.8,0,0,253.46,0,0,0,0,252,252,252,100,232,111,0,0,0,0,6,4
116.33063,39.96055,1.01,-0.8,0,0,253.46,0,0,0,0,252,252,252,100,232,111,0,0,0,0,6,4
116.33063,39.96055,1.01,-0.8,0,0,253.46,0,0,0,0,252,252,252,100,232,111,0,0,0,0,6,4
116.33063,39.96055,1.01,-0.8,0,0,253.46,0,0,0,0,252,252,252,100,232,111,0,0,0,0,6,4
116.33063,39.96055,1.01,-0.8,0,0,253.46,0,0,0,0,252,252,252,100,232,111,0,0,0,0,6,4
116.33063,39.96055,1.01,-0.8,0,0,253.46,0,0,0,0,252,252,252,100,232,111,0,0,0,0,6,4
116.33063,39.96055,1.01,-0.8,0,0,253.46,0,0,0,0,252,252,252,100,232,111,0,0,0,0,6,4
116.33063,39.96055,1.01,-0.8,0,0,253.46,0,0,0,0,252,252,252,100,232,111,0,0,0,0,6,4
116.33063,39.96055,1.01,-0.8,0,0,253.46,0,0,0,0,252,252,252,100,232,111,0,0,0,0,6,4
116.33063,39.96055,1.01,-0.8,0,0,253.46,0,0,0,0,252,252,252,100,232,111,0,0,0,0,6,4
116.33063,39.96055,1.01,-0.8,0,0,253.47,0,0,0,0,252,252,252,100,232,111,0,0,0,0,6,4
116.33063,39.96055,1.01,-0.8,0,0,253.47,0,0,0,0,252,252,252,100,232,111,0,0,0,0,6,4
116.33063,39.96055,1.01,-0.8,0,0,253.47,0,0,0,0,252,252,252,100,232,111,0,0,0,0,6,4
116.33063,39.96055,1.01,-0.8,0,0,253.47,0,0,0,0,252,252,252,100,232,111,0,0,0,0,6,4
116.33063,39.96055,1.01,-0.8,0,0,253.47,0,0,0,0,252,252,252,100,232,111,0,0,0,0,6,4
116.33063,39.96055,1.01,-0.8,0,0,253.47,0,0,0,0,252,252,252,100,232,111,0,0,0,0,6,4
116.33063,39.96055,1.01,-0.8,0,0,253.47,0,0,0,0,252,252,252,100,232,111,0,0,0,0,6,4
116.33063,39.96055,1.01,-0.8,0,0,253.47,0,0,0,0,252,252,252,100,232,111,0,0,0,0,6,4
116.33063,39.96055,1.01,-0.8,0,0,253.47,0,0,0,0,252,252,252,100,232,111,0,0,0,0,6,4
116.33063,39.96055,1.01,-0.8,0,0,253.47,0,0,0,0,252,252,252,100,232,111,0,0,0,0,6,4
116.33063,39.96055,1.01,-0.8,0,0,253.47,0,0,0,0,252,252,252,100,232,111,0,0,0,0,6,4
116.33063,39.96056,1.01,-0.8,0,0,253.47,0,0,0,0,252,252,252,100,232,111,0,0,0,0,6,4
116.33063,39.96056,1.01,-0.8,0,0,253.47,0,0,0,0,252,252,252,100,232,111,0,0,0,0,6,4
116.33063,39.96056,1.01,-0.8,0,0,253.47,0,0,0,0,252,252,252,100,232,111,0,0,0,0,6,4
116.33063,39.96056,1.01,-0.8,0,0,253.47,0,0,0,0,252,252,252,100,232,111,0,0,0,0,6,4
116.33063,39.96056,1.01,-0.8,0,0,253.47,0,0,0,0,252,252,252,100,232,111,0,0,0,0,6,4
116.33063,39.96056,1.01,-0.8,0,0,253.47,0,0,0,0,252,252,252,100,232,111,0,0,0,0,6,4
116.33063,39.96056,1.01,-0.8,0,0,253.47,0,0,0,0,252,252,252,100,232,111,0,0,0,0,6,4
116.33063,39.96056,1.01,-0.8,0,0,253.47,0,0,0,0,252,252,252,100,232,111,0,0,0,0,6,4
116.33063,39.96056,1.01,-0.8,0,0,253.47,0,0,0,0,252,252,252,100,232,111,0,0,0,0,6,4
116.33063,39.96056,1.01,-0.8,0,0,253.47,0,0,0,0,252,252,252,100,232,111,0,0,0,0,6,4
116.33063,39.96056,1.01,-0.8,0,0,253.47,0,0,0,0,252,252,252,100,232,111,0,0,0,0,6,4
116.33063,39.96056,1.01,-0.8,0,0,253.47,0,0,0,0,252,252,252,100,232,111,0,0,0,0,6,4
116.33063,39.96056,1.01,-0.8,0,0,253.47,0,0,0,0,252,252,252,100,232,111,0,0,0,0,6,4
116.33063,39.96056,1.01,-0.8,0,0,253.47,0,0,0,0,252,252,252,100,232,111,0,0,0,0,6,4
116.33063,39.96056,1.01,-0.8,0,0,253.47,0,0,0,0,252,252,252,100,232,111,0,0,0,0,6,4
116.33063,39.96056,1.01,-0.8,0,0,253.47,0,0,0,0,252,252,252,100,232,111,0,0,0,0,6,4
116.33063,39.96056,1.01,-0.8,0,0,253.47,0,0,0,0,252,252,252,100,232,111,0,0,0,0,6,4
116.33063,39.96056,1.01,-0.8,0,0,253.48,0,0,0,0,252,252,252,100,232,111,0,0,0,0,6,4
116.33063,39.96056,1.01,-0.8,0,0,253.48,0,0,0,0,252,252,252,100,232,111,0,0,0,0,6,4
116.33063,39.96056,1.01,-0.8,0,0,253.48,0,0,0,0,252,252,252,100,232,111,0,0,0,0,6,4
116.33063,39.96056,1.01,-0.8,0,0,253.48,0,0,0,0,252,252,252,100,232,111,0,0,0,0,6,4
116.33063,39.96056,1.01,-0.8,0,0,253.48,0,0,0,0,252,252,252,100,232,111,0,0,0,0,6,4
116.33063,39.96056,1.01,-0.8,0,0,253.48,0,0,0,0,252,252,252,100,232,111,0,0,0,0,6,4
116.33063,39.96056,1.01,-0.8,0,0,253.48,0,0,0,0,252,252,252,100,232,111,0,0,0,0,6,4
116.33063,39.96056,1.01,-0.8,0,0,253.48,0,0,0,0,252,252,252,100,232,111,0,0,0,0,6,4
116.33063,39.96056,1.01,-0.8,0,0,253.48,0,0,0,0,252,252,252,100,232,111,0,0,0,0,6,4
116.33063,39.96056,1.01,-0.8,0,0,253.48,0,0,0,0,252,252,252,100,232,111,0,0,0,0,6,4
116.33063,39.96056,1.01,-0.8,0,0,253.48,0,0,0,0,252,252,252,100,232,111,0,0,0,0,6,4
116.33063,39.96056,1.01,-0.8,0,0,253.48,0,0,0,0,252,252,252,100,232,111,0,0,0,0,6,4
116.33063,39.96056,1.01,-0.8,0,0,253.48,0,0,0,0,252,252,252,100,232,111,0,0,0,0,6,4
116.33063,39.96056,1.01,-0.8,0,0,253.48,0,0,0,0,252,252,252,100,232,111,0,0,0,0,6,4
116.33063,39.96056,1.01,-0.8,0,0,253.48,0,0,0,0,252,252,252,100,232,111,0,0,0,0,6,4
116.33063,39.96056,1.01,-0.8,0,0,253.48,0,0,0,0,252,252,252,100,232,111,0,0,0,0,6,4
116.33063,39.96056,1.01,-0.8,0,0,253.48,0,0,0,0,252,252,252,100,232,111,0,0,0,0,6,4
116.33063,39.96056,1.01,-0.8,0,0,253.48,0,0,0,0,252,252,252,100,232,111,0,0,0,0,6,4
116.33063,39.96056,1.01,-0.8,0,0,253.48,0,0,0,0,252,252,252,100,232,111,0,0,0,0,6,4
116.33063,39.96056,1.01,-0.8,0,0,253.48,0,0,0,0,252,252,252,100,232,111,0,0,0,0,6,4
116.33063,39.96056,1.01,-0.8,0,0,253.48,0,0,0,0,252,252,252,100,232,111,0,0,0,0,6,4
116.33063,39.96056,1.01,-0.8,0,0,253.48,0,0,0,0,252,252,252,100,232,111,0,0,0,0,6,4
116.33063,39.96056,1.01,-0.8,0,0,253.48,0,0,0,0,252,252,252,100,232,111,0,0,0,0,6,4
116.33063,39.96056,1.01,-0.8,0,0,253.48,0,0,0,0,252,252,252,100,232,111,0,0,0,0,6,4
116.33063,39.96056,1.01,-0.8,0,0,253.48,0,0,0,0,252,252,252,100,232,111,0,0,0,0,6,4
116.33063,39.96056,1.01,-0.8,0,0,253.48,0,0,0,0,252,252,252,100,232,111,0,0,0,0,6,4
116.33063,39.96056,1.01,-0.8,0,0,253.48,0,0,0,0,252,252,252,100,232,111,0,0,0,0,6,4
116.33063,39.96056,1.01,-0.8,0,0,253.49,0,0,0,0,252,252,252,100,232,111,0,0,0,0,6,4
116.3303,39.96044,1.01,-0.8,0,0,247.48,0,0,0,0,252,252,252,100,232,111,0,0,0,0,6,4
116.33001,39.96029,1.01,-0.8,0,0,241.96,0,0,0,0,252,252,252,100,232,111,0,0,0,0,6,4
116.33001,39.96029,1.01,-0.8,0,0,241.97,0,0,0,0,252,252,252,100,232,111,0,0,0,0,6,4
116.33001,39.96029,1.01,-0.8,0,0,241.97,0,0,0,0,252,252,252,100,232,111,0,0,0,0,6,4
116.33001,39.96029,1.01,-0.8,0,0,241.97,0,0,0,0,252,252,252,100,232,111,0,0,0,0,6,4
116.33001,39.96029,1.01,-0.8,0,0,241.97,0,0,0,0,252,252,252,100,232,111,0,0,0,0,6,4
116.33001,39.96029,1.01,-0.8,0,0,241.97,0,0,0,0,252,252,252,100,232,111,0,0,0,0,6,4
116.33001,39.96029,1.01,-0.8,0,0,241.97,0,0,0,0,252,252,252,100,232,111,0,0,0,0,6,4
116.33001,39.96029,1.01,-0.8,0,0,241.97,0,0,0,0,252,252,252,100,232,111,0,0,0,0,6,4
116.33001,39.96029,1.01,-0.8,0,0,241.97,0,0,0,0,252,252,252,100,232,111,0,0,0,0,6,4
116.33001,39.96029,1.01,-0.8,0,0,241.97,0,0,0,0,252,252,252,100,232,111,0,0,0,0,6,4
116.33001,39.96029,1.01,-0.8,0,0,241.97,0,0,0,0,252,252,252,100,232,111,0,0,0,0,6,4
116.33001,39.96029,1.01,-0.8,0,0,241.97,0,0,0,0,252,252,252,100,232,111,0,0,0,0,6,4
116.33001,39.96029,1.01,-0.8,0,0,241.97,0,0,0,0,252,252,252,100,232,111,0,0,0,0,6,4
116.33001,39.96029,1.01,-0.8,0,0,241.97,0,0,0,0,252,252,252,100,232,111,0,0,0,0,6,4
116.33001,39.96029,1.01,-0.8,0,0,241.97,0,0,0,0,252,252,252,100,232,111,0,0,0,0,6,4
